1 1 0.0
1 2 -14.150902612113295
1 3 -5.752820666336751
1 4 -2.4464306120972457
1 5 -2.22356011186787
1 6 -2.0105695261206686
1 7 -2.5534758221578575
1 8 -2.2282879060094802
1 9 -1.6333575648808218
1 10 -2.4466626757818766
1 11 -3.2250724719922683
1 12 -3.3307890618479354
1 13 -2.9616501192919973
1 14 -2.414415153911883
1 15 -1.9604323785087279
1 16 -2.18514521279793
1 17 -2.4000257148163118
1 18 -2.1564193256684527
1 19 -1.4631640753571555
1 20 -1.6795341748602128
1 21 -2.1778365489711473
1 22 -1.9616847774567772
1 23 -1.7072163533372353
1 24 -1.8454314696269
1 25 -2.801494029989003
1 26 -2.6029849395926346
1 27 -2.0232172407152897
1 28 -2.552994989327987
1 29 -2.207496907433898
1 30 -1.5801094666759696
1 31 -1.84460191846915
1 32 -1.962183746514307
1 33 -1.6807921191262918
1 34 -1.4159919918101338
1 35 -1.2638969471993438
1 36 -0.9099265002714705
1 37 -0.8392151928667013
1 38 -0.4055414827718857
1 39 -0.6918566000799636
1 40 -0.8595530652844009
1 41 -0.8279033211434379
1 42 -0.8646745364160502
1 43 -0.5264682329733724
1 44 -0.41815941860945577
1 45 -0.31942492597094
1 46 -0.15513381663628548
1 47 0.005421850235767542
1 48 -0.02679725080378669
1 49 -0.17282019302221724
1 50 -0.19869381222271967
1 51 -0.4154665977978306
1 52 -0.05626516358294449
1 53 -0.2157578562532375
1 54 -0.056512425579223785
1 55 -0.6420245847061508
1 56 -1.0062544811638583
1 57 -0.6273226481594526
1 58 -0.2945694065351492
1 59 -0.232048571060755
1 60 -0.21722532310309733
1 61 0.13818439773322316
1 62 0.16487242454359569
1 63 -0.2515820583825279
1 64 -0.2635628483119465
1 65 -0.3365101393317804
2 1 0.0
2 2 0.0
2 3 -10.127026498118738
2 4 -2.971225731840301
2 5 -2.680666133180655
2 6 -2.063515030557357
2 7 -2.2790269069492872
2 8 -2.5686341634484187
2 9 -2.3958313391916986
2 10 -3.0011980211185865
2 11 -3.45759906468383
2 12 -3.7367767135424295
2 13 -3.5282360018813295
2 14 -2.248877655353501
2 15 -1.7562206001200489
2 16 -1.979902079934789
2 17 -1.9406798399797816
2 18 -2.007419199191762
2 19 -1.7858559077981537
2 20 -1.667301812825768
2 21 -1.6227953833135407
2 22 -1.6682278655675111
2 23 -1.5101486884619673
2 24 -1.8215519133852278
2 25 -2.853225457484408
2 26 -3.1593363850506084
2 27 -2.572011168725157
2 28 -1.9740031666895628
2 29 -1.7338123420131986
2 30 -1.39626756057436
2 31 -1.3998376223451254
2 32 -1.8154922858689233
2 33 -1.9908674880146717
2 34 -1.1350352248377045
2 35 -0.9056025799943626
2 36 -0.7268158466495809
2 37 -0.656912438189379
2 38 -0.47143258414013633
2 39 -0.510526021362594
2 40 -0.628650545270237
2 41 -0.6591990374692854
2 42 -0.5622028934449391
2 43 -0.4945463864802027
2 44 -0.6522754607711265
2 45 -0.48079592902420965
2 46 -0.16789337515178604
2 47 0.024550739822594606
2 48 0.030371233516548225
2 49 -0.03971999290455574
2 50 0.010031896641648238
2 51 -0.3643094005636594
2 52 -0.3595241630322386
2 53 -0.5156249422244635
2 54 -0.3309313649019434
2 55 -0.5848719882531401
2 56 -0.7829854235181368
2 57 -0.3284406660649161
2 58 -0.10483518034708121
2 59 -0.21821733930570322
2 60 -0.2996048856690819
2 61 0.1479988869985954
2 62 0.04370552671687512
2 63 -0.16881915932648062
2 64 -0.049975092461113625
2 65 -0.32891501676023355
3 1 0.0
3 2 0.0
3 3 0.0
3 4 -10.709532002902167
3 5 -4.67130717123926
3 6 -3.441307546300212
3 7 -2.9965666247063556
3 8 -3.0949367569180124
3 9 -3.2407072482992336
3 10 -3.517022385811663
3 11 -3.650120599343829
3 12 -3.848917066758287
3 13 -3.7111114590700005
3 14 -2.3262195031057766
3 15 -1.8021214770680583
3 16 -2.036189922446176
3 17 -1.8484086902633285
3 18 -1.9629172545528115
3 19 -2.1446919098228223
3 20 -2.0400072434299985
3 21 -1.8215103166389413
3 22 -1.579907421353039
3 23 -1.411211062458008
3 24 -2.0261110912610754
3 25 -2.91775747693
3 26 -3.2565180690010695
3 27 -3.023795140001077
3 28 -2.0375280486202034
3 29 -1.4278898642506725
3 30 -1.329824703486075
3 31 -1.359151985908614
3 32 -2.1242169300614933
3 33 -2.14321837777781
3 34 -1.2190990882895825
3 35 -0.5256880460524422
3 36 -0.6140520181228271
3 37 -0.8128904515942851
3 38 -0.5865517499431929
3 39 -0.465438595875601
3 40 -0.453542408396061
3 41 -0.7446500541947935
3 42 -0.680090985013966
3 43 -0.4866279903052397
3 44 -0.5949871277177509
3 45 -0.5641319026690839
3 46 -0.5954114154870871
3 47 -0.29067278882479114
3 48 0.04384172026213003
3 49 0.2782832857226334
3 50 0.17903655373637833
3 51 -0.1750309492136534
3 52 -0.5917988378683476
3 53 -0.5433623945832267
3 54 0.17443137840720094
3 55 -0.09068455817293504
3 56 -0.3924169758135766
3 57 -0.1950190488978439
3 58 -0.12299610825955526
3 59 -0.031609802061078426
3 60 -0.030552635207461355
3 61 0.09386101379896672
3 62 0.05578471536970584
3 63 0.054782884745137685
3 64 0.2737449896242359
3 65 -0.08204095963256772
4 1 0.0
4 2 0.0
4 3 0.0
4 4 0.0
4 5 -12.39339665687625
4 6 -5.2009384613729
4 7 -4.402775009675242
4 8 -3.723282056316478
4 9 -3.681155251995553
4 10 -3.753490359267269
4 11 -3.761050688282273
4 12 -3.622097612514629
4 13 -3.2261359502312197
4 14 -2.427937485592568
4 15 -2.103340989388248
4 16 -2.2112491680703115
4 17 -2.1926185950430725
4 18 -2.160768323389646
4 19 -2.2982850054294737
4 20 -2.233156501672655
4 21 -2.0703142042376967
4 22 -1.8840287236669382
4 23 -1.5389820686754525
4 24 -2.1112473350718943
4 25 -2.81123785770222
4 26 -2.774430864128862
4 27 -2.5847349770263817
4 28 -1.961404085104146
4 29 -1.4794776369725304
4 30 -1.5496626577954131
4 31 -2.0232611747818323
4 32 -2.3524685957492406
4 33 -2.131702835259937
4 34 -1.483226858937637
4 35 -0.8985556775530857
4 36 -0.7711519098478343
4 37 -0.9016725848242263
4 38 -0.8388171952001117
4 39 -0.7824435467538953
4 40 -0.555217386681436
4 41 -0.8330835694805596
4 42 -0.7287468333152591
4 43 -0.8384938953927669
4 44 -0.6528990621073044
4 45 -0.7642096218585
4 46 -1.1381467619417729
4 47 -0.6883557773107671
4 48 -0.49008348815702923
4 49 -0.4384976223550143
4 50 -0.17556120380551887
4 51 -0.5106008380252277
4 52 -0.5117379731564283
4 53 -0.26157370747887587
4 54 -0.07819236001768297
4 55 0.12102579662238536
4 56 -0.077413535459009
4 57 0.011208078176671079
4 58 -0.09109440417808552
4 59 0.02382364592033852
4 60 0.06433498699083443
4 61 -0.12700654443922302
4 62 -0.4220897591585016
4 63 -0.3594257092624121
4 64 0.17728242214877124
4 65 -0.017669035378367844
5 1 0.0
5 2 0.0
5 3 0.0
5 4 0.0
5 5 0.0
5 6 -12.118222317901136
5 7 -5.384479921031367
5 8 -4.913124851387702
5 9 -4.096003864405778
5 10 -3.8808796082902233
5 11 -3.6372257129058245
5 12 -3.2420133080239575
5 13 -2.553668703265731
5 14 -2.1329732027053003
5 15 -2.1104844266909297
5 16 -2.1298787241773995
5 17 -2.1976633467580813
5 18 -2.059177413403534
5 19 -2.024359223977065
5 20 -2.123322440239295
5 21 -2.006822890066084
5 22 -1.753333174819061
5 23 -1.6674157272406909
5 24 -2.0358799236745835
5 25 -2.1705308169486837
5 26 -2.110223103177836
5 27 -2.190826687628635
5 28 -1.9384504432220784
5 29 -1.5183293476867628
5 30 -1.735889394553792
5 31 -1.9638440309054246
5 32 -1.8542735053776522
5 33 -1.5779459724405032
5 34 -1.5183609820434698
5 35 -1.3423646852076887
5 36 -1.1967435642963513
5 37 -1.388029166551036
5 38 -1.240245796361963
5 39 -1.038761281653042
5 40 -1.0444852995154552
5 41 -1.030322623615892
5 42 -0.76607093785996
5 43 -1.0259011717216697
5 44 -1.0035538337616337
5 45 -0.9381340379802796
5 46 -1.1285280627799739
5 47 -0.81111490280344
5 48 -0.7189889949719775
5 49 -0.6401001370172478
5 50 -0.5043998465453903
5 51 -0.4434629857507698
5 52 -0.5247315862882468
5 53 -0.31600675160996333
5 54 -0.46949386941371435
5 55 -0.5442200236424833
5 56 -0.22856863190198712
5 57 -0.055740150037966334
5 58 0.048243145570241536
5 59 0.06815427715822431
5 60 -0.3029974640181484
5 61 -0.43661701359413685
5 62 -0.36292810965168704
5 63 -0.1311831571923164
5 64 0.0697546238040123
5 65 -0.0938936950767625
6 1 0.0
6 2 0.0
6 3 0.0
6 4 0.0
6 5 0.0
6 6 0.0
6 7 -12.562598052735824
6 8 -5.769124763208128
6 9 -4.507149894405601
6 10 -3.664196428971266
6 11 -3.348484082066648
6 12 -2.829182544680542
6 13 -2.270380610191355
6 14 -1.898130905111358
6 15 -1.9061250998770947
6 16 -1.8817951789391594
6 17 -1.760465495746268
6 18 -1.7650513268914125
6 19 -1.66876157413942
6 20 -1.801762832144939
6 21 -1.7959008594393402
6 22 -1.486254509034674
6 23 -1.4339653870731768
6 24 -1.7238168405042036
6 25 -1.851626147230649
6 26 -1.827762279769199
6 27 -2.151922848979704
6 28 -2.0480026150844814
6 29 -1.7186500759863343
6 30 -1.4351565366534675
6 31 -1.2328327298477348
6 32 -1.3684814866804798
6 33 -1.1895334002115432
6 34 -0.8892775744335436
6 35 -1.3258475315748832
6 36 -1.421179599646395
6 37 -0.9889004973325389
6 38 -0.8528953738841526
6 39 -0.7002078626953151
6 40 -1.0534641236977746
6 41 -1.2528075761973667
6 42 -0.7092294626303012
6 43 -0.6806934036409207
6 44 -1.0071788103405066
6 45 -0.9644598625024149
6 46 -0.8669774921497126
6 47 -0.8654817764240565
6 48 -0.33843853454773565
6 49 -0.13248986191402695
6 50 -0.41340880894066023
6 51 -0.49673768778842897
6 52 -0.9217436272304966
6 53 -0.5621127322258305
6 54 -0.3266743092629467
6 55 -0.7356868749315821
6 56 -0.5854413110525898
6 57 -0.2739037330455346
6 58 0.005665435750193787
6 59 0.08565218373020643
6 60 0.0275711651111159
6 61 -0.018236656249354492
6 62 0.011486636154072286
6 63 0.1879881833386871
6 64 0.22048667513643605
6 65 0.05375029136439104
7 1 0.0
7 2 0.0
7 3 0.0
7 4 0.0
7 5 0.0
7 6 0.0
7 7 0.0
7 8 -12.254712513722529
7 9 -4.694496164796864
7 10 -3.707878986824601
7 11 -3.215246712980805
7 12 -2.7059128905363155
7 13 -1.9098468779160176
7 14 -1.761045829266851
7 15 -1.9531269227529486
7 16 -1.70835098935359
7 17 -1.6321108917237097
7 18 -1.9854213894093933
7 19 -1.9277443683691335
7 20 -1.6374338849362908
7 21 -1.6384702118269334
7 22 -1.61236133671618
7 23 -1.588052829141251
7 24 -1.7365170340872886
7 25 -1.7642852360689676
7 26 -1.6102128806284155
7 27 -1.6974856792051378
7 28 -1.7052926504573784
7 29 -1.5134378038269931
7 30 -1.2480580557204004
7 31 -1.5994063139982237
7 32 -1.7372685691252518
7 33 -1.4962118502909805
7 34 -1.2223344135090757
7 35 -1.0815037721811707
7 36 -0.8054658586005916
7 37 -0.5982295245922451
7 38 -0.7683515480638267
7 39 -0.5439142662956342
7 40 -0.6440389676206135
7 41 -1.106714381365955
7 42 -0.7302328897024328
7 43 -0.6034470990537112
7 44 -0.6746097844997554
7 45 -0.6227131834464377
7 46 -0.7170747128935646
7 47 -0.7748847891259413
7 48 -0.7291754363652436
7 49 -0.4494204589068039
7 50 -0.33575697097716534
7 51 -0.4086982740490447
7 52 -0.7097893530866974
7 53 -0.4316753094280298
7 54 -0.37564376919581494
7 55 -0.5806593958225102
7 56 -0.5865355534409556
7 57 -0.44393336619246904
7 58 -0.1420248409392815
7 59 -0.1865487840187045
7 60 0.17896386651824725
7 61 0.2655891231475078
7 62 -0.18529557071417949
7 63 -0.059861089618283014
7 64 -0.06721347462294862
7 65 -0.2521227461145884
8 1 0.0
8 2 0.0
8 3 0.0
8 4 0.0
8 5 0.0
8 6 0.0
8 7 0.0
8 8 0.0
8 9 -11.573716299746815
8 10 -4.605658461319757
8 11 -3.912610215528764
8 12 -3.0303874559765998
8 13 -2.009167870988361
8 14 -1.4477056083440514
8 15 -1.7994368397230986
8 16 -1.8165243257871573
8 17 -1.7617185209364539
8 18 -2.0400891837984956
8 19 -2.0992220201826113
8 20 -1.6716530770324942
8 21 -1.5164422971060971
8 22 -1.779054784612864
8 23 -1.6940413474907146
8 24 -1.2511216770191318
8 25 -1.6949310065742222
8 26 -1.9779354183042042
8 27 -1.8818461358677847
8 28 -1.9007161155530834
8 29 -1.5706829827022133
8 30 -1.2405736184205645
8 31 -1.4950342990765044
8 32 -1.6975897290365631
8 33 -1.8908206732181538
8 34 -1.7024454595578886
8 35 -1.0485221420950435
8 36 -0.6337075767303123
8 37 -0.8962287274872939
8 38 -1.0964004047975482
8 39 -1.0249853471754304
8 40 -1.0892921801316258
8 41 -1.0277263257232616
8 42 -0.8437022422731988
8 43 -0.9503666831026042
8 44 -0.7208435034077985
8 45 -0.8070213601664906
8 46 -1.1079609167406816
8 47 -0.787603483661729
8 48 -0.8872925929119658
8 49 -0.9185824020090354
8 50 -0.5100984050851661
8 51 -0.5037433927173691
8 52 -0.5002221930574225
8 53 -0.3329107373220161
8 54 -0.1868074953194326
8 55 -0.2663412702168741
8 56 -0.40451091169917497
8 57 -0.37294612532622823
8 58 -0.47505513983732933
8 59 -0.13367904372990974
8 60 0.13581242572245814
8 61 -0.3145176106032385
8 62 -0.1015551142772509
8 63 -0.017666911306004653
8 64 -0.30807335608945635
8 65 -0.21691273460843893
9 1 0.0
9 2 0.0
9 3 0.0
9 4 0.0
9 5 0.0
9 6 0.0
9 7 0.0
9 8 0.0
9 9 0.0
9 10 -12.345342488847507
9 11 -5.413363027255715
9 12 -3.748641287114255
9 13 -2.10836698950333
9 14 -1.363933277931051
9 15 -1.611409747514119
9 16 -2.173659265879467
9 17 -1.9578718251291498
9 18 -1.8189790078632442
9 19 -2.084291521095922
9 20 -1.7241692334037484
9 21 -1.4713679449016255
9 22 -1.7443986469193904
9 23 -1.5671680502075769
9 24 -1.2744155657709832
9 25 -1.7811875589651596
9 26 -2.1972329996197524
9 27 -2.246165259941399
9 28 -1.8705188506884882
9 29 -1.3764361710595463
9 30 -1.2813037925975501
9 31 -1.4160774898962445
9 32 -1.6157757608028434
9 33 -2.0470541752479186
9 34 -1.7548623261231626
9 35 -1.2517514639444842
9 36 -1.011512717884675
9 37 -0.7892692786096075
9 38 -0.8740735350174144
9 39 -1.1946988513273014
9 40 -1.3524448666529667
9 41 -0.952570499664552
9 42 -0.746530743927917
9 43 -0.9475745207097925
9 44 -1.0383828258552352
9 45 -0.9842781564902418
9 46 -0.9315007781585503
9 47 -0.675915457445687
9 48 -0.7863606827023161
9 49 -0.8450324971062627
9 50 -0.6132244370381591
9 51 -0.754311418278979
9 52 -0.48815369823622873
9 53 -0.24202045534848296
9 54 0.0598134542997487
9 55 -0.0016618575496597336
9 56 -0.040753762652172565
9 57 -0.10137352057043608
9 58 -0.25867657808025846
9 59 -0.42879167077088093
9 60 -0.2132499552018057
9 61 -0.2119128924406529
9 62 -0.05832616258829869
9 63 0.19834029088581964
9 64 0.1888817606443487
9 65 0.08217414520359154
10 1 0.0
10 2 0.0
10 3 0.0
10 4 0.0
10 5 0.0
10 6 0.0
10 7 0.0
10 8 0.0
10 9 0.0
10 10 0.0
10 11 -12.786075752852787
10 12 -4.535951409521633
10 13 -2.0093970408052297
10 14 -1.5933926440464985
10 15 -1.7059294431079846
10 16 -1.867712602413527
10 17 -1.8564680458269294
10 18 -1.9351597205972466
10 19 -2.0953362982468864
10 20 -1.7673823584194257
10 21 -1.676273196941204
10 22 -1.551285155605426
10 23 -1.9970553678295948
10 24 -1.8397936702712203
10 25 -1.9509406670067868
10 26 -2.126840429803486
10 27 -2.0569981129042736
10 28 -1.7351958990001806
10 29 -1.5910754956842506
10 30 -1.6664827804327633
10 31 -1.477554885976976
10 32 -1.5688862121250504
10 33 -1.8039463331207504
10 34 -1.764654772324586
10 35 -1.298157636144567
10 36 -1.0619893506341556
10 37 -0.9012722115176522
10 38 -0.5228158511885457
10 39 -1.0000794009073986
10 40 -0.947508687297873
10 41 -0.7335136675177775
10 42 -0.46419606068352626
10 43 -0.8700860786559789
10 44 -0.9908829602790338
10 45 -0.8193011090984603
10 46 -0.9156558944966858
10 47 -0.6173960258197866
10 48 -0.4780773204915714
10 49 -0.33641328164913353
10 50 -0.580778548306063
10 51 -0.46678047112749543
10 52 -0.4563077894504473
10 53 -0.2326379639068569
10 54 -0.12146560059776848
10 55 -0.06661260438382516
10 56 -0.0007388781526957919
10 57 -0.23151466046220792
10 58 -0.4363126623339635
10 59 -0.523904386878359
10 60 -0.5164793321496852
10 61 -0.236221222467343
10 62 0.008875478508571111
10 63 0.2840130472973899
10 64 0.18072109659921398
10 65 0.336909412193013
11 1 0.0
11 2 0.0
11 3 0.0
11 4 0.0
11 5 0.0
11 6 0.0
11 7 0.0
11 8 0.0
11 9 0.0
11 10 0.0
11 11 0.0
11 12 -10.63582331788255
11 13 -2.597051400854687
11 14 -1.8135690231210482
11 15 -1.846591480533271
11 16 -1.6799116800266969
11 17 -1.8570646354174958
11 18 -2.395802635370149
11 19 -2.2844350649428034
11 20 -1.861952986326411
11 21 -1.6875161165259653
11 22 -1.7836967571636992
11 23 -1.907149213637536
11 24 -1.9392013733521967
11 25 -2.2855011930307314
11 26 -2.4908850042956727
11 27 -2.3032349588234466
11 28 -2.0660271640060155
11 29 -1.918038773738377
11 30 -1.6695253235242826
11 31 -1.3024533611898332
11 32 -1.4716172004114296
11 33 -1.8085418469348693
11 34 -1.7148597757482573
11 35 -0.9912424705482383
11 36 -0.6917511348366971
11 37 -0.8360072615023645
11 38 -0.6551447737354574
11 39 -0.8804161232458061
11 40 -0.6882330574165667
11 41 -0.6497193372812122
11 42 -0.7942707564429026
11 43 -0.9955954816901517
11 44 -0.7583802658538792
11 45 -0.530695995887499
11 46 -1.0424056661273107
11 47 -0.8050632736653134
11 48 -0.21800657661514947
11 49 -0.20226686296453003
11 50 -0.5701602385355374
11 51 -0.45987558963106917
11 52 -0.33205432307772975
11 53 -0.21833847558811442
11 54 -0.12868121203173666
11 55 -0.1722688320300722
11 56 -0.3340838562841921
11 57 -0.6446020901599543
11 58 -0.44183039730489454
11 59 -0.1846634803349675
11 60 -0.28021509006024553
11 61 -0.23852128690839594
11 62 -0.1864695431916351
11 63 -0.15403578159493175
11 64 0.18816130515105423
11 65 0.19521449504126587
12 1 0.0
12 2 0.0
12 3 0.0
12 4 0.0
12 5 0.0
12 6 0.0
12 7 0.0
12 8 0.0
12 9 0.0
12 10 0.0
12 11 0.0
12 12 0.0
12 13 -10.04291249258329
12 14 -3.7981012765155873
12 15 -2.927472890568896
12 16 -2.544673939675066
12 17 -2.7387052549572717
12 18 -3.209012308060546
12 19 -3.072186321289606
12 20 -2.428672118924313
12 21 -2.1535758733675783
12 22 -1.9752846518091176
12 23 -1.9995444123113202
12 24 -2.3655348106168548
12 25 -3.5448796790089934
12 26 -3.6460347390207564
12 27 -3.0588971520202324
12 28 -2.367027215601849
12 29 -1.5790345608615943
12 30 -1.2384655522699286
12 31 -1.4439139527858826
12 32 -2.3122553866692526
12 33 -2.389377206830096
12 34 -1.6385440286712696
12 35 -0.9801603032367538
12 36 -0.6281470495289271
12 37 -0.728118364059507
12 38 -0.7843292518584442
12 39 -0.8237264514393157
12 40 -0.5955818910866464
12 41 -0.6212002715095548
12 42 -0.6844191119016707
12 43 -0.7307482401926223
12 44 -0.5017760165456698
12 45 -0.4187650504476049
12 46 -0.8808183553563095
12 47 -0.8548386915503394
12 48 -0.6325136035374695
12 49 -0.40289878793659506
12 50 -0.17178729325057335
12 51 -0.2561453446440694
12 52 -0.08762996433687766
12 53 0.1506560370339611
12 54 0.1507749541441938
12 55 -0.24643690539282648
12 56 -0.5189791737160679
12 57 -0.500503038706396
12 58 -0.11953028640061386
12 59 -0.188560780285594
12 60 0.058595526541411945
12 61 -0.2284678580623405
12 62 -0.6504295585685433
12 63 -0.3839494938818988
12 64 0.05474041300509078
12 65 -0.04152331507353507
13 1 0.0
13 2 0.0
13 3 0.0
13 4 0.0
13 5 0.0
13 6 0.0
13 7 0.0
13 8 0.0
13 9 0.0
13 10 0.0
13 11 0.0
13 12 0.0
13 13 0.0
13 14 -12.038003620057163
13 15 -5.1563214847305865
13 16 -3.8824601662420863
13 17 -3.8199512844044534
13 18 -3.8907658801450045
13 19 -3.298984858521424
13 20 -2.76509726624591
13 21 -2.6313045260105676
13 22 -2.4212710944688323
13 23 -2.2469297725979835
13 24 -2.7178798196646716
13 25 -3.768152704434008
13 26 -3.6974053588197173
13 27 -2.8364486117394474
13 28 -2.2338997697332066
13 29 -1.8730308781244485
13 30 -1.5703648518162443
13 31 -1.9279908570046058
13 32 -2.6128506818049413
13 33 -2.3358103221169477
13 34 -1.3650480956734623
13 35 -1.1751419046099743
13 36 -1.0333364682451078
13 37 -0.9999701490776896
13 38 -0.6491625766588353
13 39 -0.601059221425525
13 40 -0.41219513796094465
13 41 -0.47622699549416964
13 42 -0.8279771069207313
13 43 -0.8616851918387324
13 44 -0.7838445264727099
13 45 -0.7889714074841542
13 46 -0.9616829418580185
13 47 -1.189165521527277
13 48 -1.1101209495405486
13 49 -0.6525028281097053
13 50 -0.35608708243816434
13 51 -0.3823769638953039
13 52 -0.08681197782811173
13 53 0.15273493502396732
13 54 -0.19755904711219618
13 55 -0.2925259512526483
13 56 -0.3093511523881207
13 57 -0.4279123996753793
13 58 -0.3444276200681868
13 59 -0.13369927884679064
13 60 0.08748306300325771
13 61 -0.25817522747972266
13 62 -0.5174360092061454
13 63 -0.4421551528215756
13 64 -0.09322673968567878
13 65 0.1723278749224465
14 1 0.0
14 2 0.0
14 3 0.0
14 4 0.0
14 5 0.0
14 6 0.0
14 7 0.0
14 8 0.0
14 9 0.0
14 10 0.0
14 11 0.0
14 12 0.0
14 13 0.0
14 14 0.0
14 15 -12.41674305945523
14 16 -5.000288427607975
14 17 -4.657599525244794
14 18 -3.877670875832738
14 19 -3.1399669291228127
14 20 -3.047740910754312
14 21 -2.942593296585961
14 22 -2.439426933692295
14 23 -2.418830460730869
14 24 -2.5699328558252095
14 25 -2.9905264102199083
14 26 -2.9092620360483177
14 27 -2.331486108124999
14 28 -2.153043968805751
14 29 -2.250652921702639
14 30 -1.9012735679027468
14 31 -1.8315340688517303
14 32 -2.372962274129471
14 33 -1.9245290889711801
14 34 -1.1525437131347986
14 35 -1.136282043177447
14 36 -1.0771057774236934
14 37 -1.2060804834295704
14 38 -0.6374682452404348
14 39 -0.5379226144709969
14 40 -0.5325163360656936
14 41 -0.4915280714056786
14 42 -0.7212939722975551
14 43 -0.8903058273619967
14 44 -1.073572953252019
14 45 -1.2903865301027222
14 46 -0.979782650427642
14 47 -1.1683059201254617
14 48 -1.2286482805644932
14 49 -0.7031237149914522
14 50 -0.6647843362330107
14 51 -1.066193934575117
14 52 -0.5953199886896272
14 53 -0.23142528307483493
14 54 -0.7353468452157659
14 55 -0.6173316244097017
14 56 -0.4799576538989255
14 57 -0.6009456399325221
14 58 -0.706885603085694
14 59 -0.24048071515276975
14 60 -0.016131894109550984
14 61 -0.4747276718666998
14 62 -0.35073307068916126
14 63 -0.3512114087577914
14 64 -0.399356138980008
14 65 -0.18474307813685578
15 1 0.0
15 2 0.0
15 3 0.0
15 4 0.0
15 5 0.0
15 6 0.0
15 7 0.0
15 8 0.0
15 9 0.0
15 10 0.0
15 11 0.0
15 12 0.0
15 13 0.0
15 14 0.0
15 15 0.0
15 16 -11.821916525998429
15 17 -4.977870495218673
15 18 -4.028640320212275
15 19 -3.2528587549106103
15 20 -2.984894607151734
15 21 -2.487371328366092
15 22 -2.249443629935242
15 23 -2.4606113379748775
15 24 -2.334702204094808
15 25 -2.427367685729658
15 26 -2.593348130462833
15 27 -2.49682474951529
15 28 -2.158273692181852
15 29 -1.7075858010148737
15 30 -1.630397628643671
15 31 -1.4896624899807247
15 32 -1.8385265777583744
15 33 -1.8410986115000967
15 34 -1.77069771547104
15 35 -1.488366419355149
15 36 -0.9801882821661652
15 37 -0.8901243324431312
15 38 -0.5720960951433907
15 39 -0.7998121252149584
15 40 -0.8594123221316088
15 41 -0.907445212615442
15 42 -0.8434247752012423
15 43 -0.569382822530438
15 44 -1.3808586184391003
15 45 -1.5925393092319302
15 46 -0.7288570923387159
15 47 -0.4930733886504979
15 48 -0.9605129331927502
15 49 -0.7999113430439296
15 50 -0.4450771281532448
15 51 -0.9107190195073294
15 52 -0.75835996089779
15 53 -0.5457822807314677
15 54 -0.8496405228256824
15 55 -0.7872994154993506
15 56 -0.5512175721096386
15 57 -0.5129520194075291
15 58 -0.590507528160437
15 59 -0.21108689188274052
15 60 0.009736544091874608
15 61 -0.30370838848653725
15 62 -0.41027389610255316
15 63 -0.26401234038209365
15 64 -0.5333500690960773
15 65 -0.5100899340648242
16 1 0.0
16 2 0.0
16 3 0.0
16 4 0.0
16 5 0.0
16 6 0.0
16 7 0.0
16 8 0.0
16 9 0.0
16 10 0.0
16 11 0.0
16 12 0.0
16 13 0.0
16 14 0.0
16 15 0.0
16 16 0.0
16 17 -12.352004579790183
16 18 -5.474629481838799
16 19 -3.8220425814452494
16 20 -2.5391402298778796
16 21 -2.1700342980720277
16 22 -2.3982892505941864
16 23 -2.606434726036715
16 24 -2.505902282894971
16 25 -2.4176252325441174
16 26 -2.370392698324219
16 27 -2.1956833856012405
16 28 -1.693243180002837
16 29 -1.4075604300221196
16 30 -1.7682831975111917
16 31 -1.816031646598144
16 32 -1.9929596447825515
16 33 -2.002839526727174
16 34 -1.881754013168804
16 35 -1.3644467859758838
16 36 -1.0171784544194284
16 37 -0.8557835617367049
16 38 -0.5057048502139231
16 39 -0.7309311351630019
16 40 -0.708832201438336
16 41 -0.9623872893843984
16 42 -1.0888924624170624
16 43 -0.8913675135762922
16 44 -1.4787573908312617
16 45 -1.4492515536162336
16 46 -0.6928975723352712
16 47 -0.577622525792952
16 48 -0.7096450719881955
16 49 -0.6185852543165387
16 50 -0.5912493304237626
16 51 -0.7329772981822807
16 52 -0.5597133239758169
16 53 -0.761642779157806
16 54 -0.8266668819323526
16 55 -0.7968056631339105
16 56 -0.39793037919114643
16 57 -0.5317883877970764
16 58 -0.5384164386427627
16 59 -0.2295349585173479
16 60 -0.1422326549940381
16 61 -0.22457480674102065
16 62 -0.046364492154341116
16 63 -0.12272522796262447
16 64 -0.1265044164197437
16 65 -0.09516419546731994
17 1 0.0
17 2 0.0
17 3 0.0
17 4 0.0
17 5 0.0
17 6 0.0
17 7 0.0
17 8 0.0
17 9 0.0
17 10 0.0
17 11 0.0
17 12 0.0
17 13 0.0
17 14 0.0
17 15 0.0
17 16 0.0
17 17 0.0
17 18 -12.470840426787976
17 19 -4.2624115397973465
17 20 -2.6414247776586968
17 21 -2.436890490620069
17 22 -2.5301832739803456
17 23 -2.704046752007998
17 24 -2.6859607167099075
17 25 -2.608353793472454
17 26 -2.366638305551262
17 27 -1.7533931139228656
17 28 -1.3798119193761758
17 29 -1.57594055009074
17 30 -1.8716955158490087
17 31 -2.121369112620434
17 32 -1.8417180398499904
17 33 -1.5562475614326343
17 34 -1.3774851527705976
17 35 -0.8937194300165335
17 36 -0.7393711836302498
17 37 -0.45521693562895305
17 38 -0.47680067600179243
17 39 -0.5366933348199462
17 40 -0.3216991562088494
17 41 -0.6594487258219915
17 42 -0.8379767628474446
17 43 -0.9281733385623838
17 44 -1.3428249215287988
17 45 -0.8849451346283698
17 46 -0.3971263329260636
17 47 -0.6941832638610822
17 48 -0.8833807983635575
17 49 -0.8242299406242876
17 50 -0.6456457836543906
17 51 -0.7056672567756648
17 52 -0.6519604002579773
17 53 -0.7998751112414324
17 54 -0.6195059257067841
17 55 -0.4250742385274613
17 56 -0.5421592114374324
17 57 -0.5818252879551641
17 58 -0.47953240627415106
17 59 -0.06477344961572931
17 60 -0.12092658013785068
17 61 -0.1629881345664863
17 62 -0.4711032015119079
17 63 -0.46695606281086727
17 64 -0.2913289183137611
17 65 -0.5127165645133305
18 1 0.0
18 2 0.0
18 3 0.0
18 4 0.0
18 5 0.0
18 6 0.0
18 7 0.0
18 8 0.0
18 9 0.0
18 10 0.0
18 11 0.0
18 12 0.0
18 13 0.0
18 14 0.0
18 15 0.0
18 16 0.0
18 17 0.0
18 18 0.0
18 19 -10.624893768421973
18 20 -3.3566536772716673
18 21 -3.0746540386789727
18 22 -2.8360259476090044
18 23 -3.018904460230475
18 24 -2.9340736968740573
18 25 -3.187718483373273
18 26 -3.144887285922844
18 27 -2.4006716411114244
18 28 -1.9115681137378202
18 29 -1.6379979486934715
18 30 -1.584327445171348
18 31 -1.754750116391716
18 32 -1.7926892311596971
18 33 -1.734789290109079
18 34 -1.4885303778091445
18 35 -1.050604944041543
18 36 -0.6248129743714673
18 37 -0.35602340193937065
18 38 -0.4396015256760172
18 39 -0.7346384297415127
18 40 -0.5717856696498463
18 41 -0.6031912290674226
18 42 -0.7550342115546076
18 43 -0.7605581571948412
18 44 -0.703536548897867
18 45 -0.8263476640834703
18 46 -0.5828283587195702
18 47 -0.48662858627940003
18 48 -0.890719515028463
18 49 -1.0112650440728725
18 50 -0.5720233132261309
18 51 -0.4752623941886886
18 52 -0.7314304767233353
18 53 -0.6704148293593819
18 54 -0.278425140642134
18 55 -0.2588572628301409
18 56 -0.408068977535901
18 57 -0.6824431239063328
18 58 -0.5257835466435118
18 59 -0.43550966521559187
18 60 -0.30905318214969885
18 61 -0.06649573779310504
18 62 -0.59926340009936
18 63 -0.6419188014743048
18 64 -0.458960591111213
18 65 -0.4088082601328993
19 1 0.0
19 2 0.0
19 3 0.0
19 4 0.0
19 5 0.0
19 6 0.0
19 7 0.0
19 8 0.0
19 9 0.0
19 10 0.0
19 11 0.0
19 12 0.0
19 13 0.0
19 14 0.0
19 15 0.0
19 16 0.0
19 17 0.0
19 18 0.0
19 19 0.0
19 20 -11.262526381021322
19 21 -4.9479154605014095
19 22 -4.097033427014229
19 23 -3.466513866208766
19 24 -3.3118238714245605
19 25 -3.438453120518196
19 26 -3.189123863458972
19 27 -2.709761007741276
19 28 -2.3781851293677123
19 29 -1.8283524711403292
19 30 -1.5400320372761431
19 31 -1.679881380390462
19 32 -1.7650345280574105
19 33 -1.8384908325195881
19 34 -1.584837182274498
19 35 -1.2821122139121888
19 36 -0.8946668202427865
19 37 -0.706027278943921
19 38 -0.8437515317547811
19 39 -0.9997994322628861
19 40 -0.6126367370699358
19 41 -0.5699561555564221
19 42 -0.745042301744227
19 43 -0.7512903050717623
19 44 -0.6707800172053139
19 45 -0.8293377976975859
19 46 -0.6515049508248961
19 47 -0.31350339299198954
19 48 -0.5430593160114248
19 49 -0.6119860354086485
19 50 -0.3586811914118665
19 51 -0.3278956089340934
19 52 -0.6789922301964034
19 53 -0.6988154746973264
19 54 -0.4046391981429247
19 55 -0.49567379338393597
19 56 -0.5983309572184906
19 57 -0.5377087655622397
19 58 -0.6825322115323157
19 59 -0.6628789371576511
19 60 -0.5187784022151954
19 61 0.04268978150745986
19 62 -0.20145399684152482
19 63 -0.22418739582995145
19 64 -0.06783344990998771
19 65 -0.1275715293095483
20 1 0.0
20 2 0.0
20 3 0.0
20 4 0.0
20 5 0.0
20 6 0.0
20 7 0.0
20 8 0.0
20 9 0.0
20 10 0.0
20 11 0.0
20 12 0.0
20 13 0.0
20 14 0.0
20 15 0.0
20 16 0.0
20 17 0.0
20 18 0.0
20 19 0.0
20 20 0.0
20 21 -13.013390298436875
20 22 -5.842430180575693
20 23 -4.708863927552803
20 24 -3.8642642004230443
20 25 -3.332784446577644
20 26 -2.5688254252830856
20 27 -1.8287771182631214
20 28 -1.8789051504397705
20 29 -1.727170696836334
20 30 -1.8536921964179196
20 31 -1.882312726509735
20 32 -1.5531735095578485
20 33 -1.3235891440114087
20 34 -1.3318185519015093
20 35 -1.2032329338580312
20 36 -0.9406807797842348
20 37 -0.7656173297915444
20 38 -0.724538358661308
20 39 -0.6190246190485608
20 40 -0.5742697167876056
20 41 -0.7803636338720948
20 42 -0.8392695985034667
20 43 -0.72785386524214
20 44 -1.004987410975321
20 45 -0.8002650171787269
20 46 -0.5135550834583442
20 47 -0.600178028336446
20 48 -0.628566682925924
20 49 -0.7413868888730037
20 50 -0.579529108945557
20 51 -0.5197559242251409
20 52 -0.8383427081599499
20 53 -0.7555976728511382
20 54 -0.5393557585952374
20 55 -0.6338482023558172
20 56 -0.43425447700045916
20 57 -0.7622091522402156
20 58 -1.147803568628041
20 59 -0.7468324764956635
20 60 -0.4107941911128985
20 61 -0.34347513315012984
20 62 -0.6787917636345819
20 63 -0.5867311449083767
20 64 -0.5497562306286864
20 65 -0.7451796390572952
21 1 0.0
21 2 0.0
21 3 0.0
21 4 0.0
21 5 0.0
21 6 0.0
21 7 0.0
21 8 0.0
21 9 0.0
21 10 0.0
21 11 0.0
21 12 0.0
21 13 0.0
21 14 0.0
21 15 0.0
21 16 0.0
21 17 0.0
21 18 0.0
21 19 0.0
21 20 0.0
21 21 0.0
21 22 -12.77235558674026
21 23 -5.640798349747542
21 24 -4.78462406557328
21 25 -3.417514652555917
21 26 -2.3111627558865058
21 27 -1.5670338391535799
21 28 -1.6486751383705815
21 29 -1.5926150796238623
21 30 -1.4999848155514413
21 31 -1.596229900146325
21 32 -1.7208043031296907
21 33 -1.4245116260955575
21 34 -1.2342884965722232
21 35 -0.9189373399975879
21 36 -0.6314079858858223
21 37 -0.6644165701900512
21 38 -0.5707181250810306
21 39 -0.4603175867416953
21 40 -0.5839422128275925
21 41 -0.840916260247113
21 42 -0.7625274121593292
21 43 -0.6056910283495539
21 44 -0.6027977908782793
21 45 -0.6167326721485117
21 46 -0.8455100443726831
21 47 -0.7775153154752201
21 48 -0.8014757933038222
21 49 -0.9818482649433689
21 50 -0.8784196710634439
21 51 -0.7964256841755066
21 52 -0.9469011374687365
21 53 -0.8209205451640792
21 54 -0.3510070074605488
21 55 -0.4403512978666253
21 56 -0.3647740099062279
21 57 -0.6296134669529362
21 58 -1.0764127060758677
21 59 -0.7069075079525294
21 60 -0.41364145116968765
21 61 -0.5137148065882793
21 62 -0.6624306613482834
21 63 -0.4896638621725514
21 64 -0.46060035680614214
21 65 -0.8999808772075222
22 1 0.0
22 2 0.0
22 3 0.0
22 4 0.0
22 5 0.0
22 6 0.0
22 7 0.0
22 8 0.0
22 9 0.0
22 10 0.0
22 11 0.0
22 12 0.0
22 13 0.0
22 14 0.0
22 15 0.0
22 16 0.0
22 17 0.0
22 18 0.0
22 19 0.0
22 20 0.0
22 21 0.0
22 22 0.0
22 23 -12.737529613530254
22 24 -5.912942028907213
22 25 -4.269762551879783
22 26 -2.664388209417223
22 27 -1.8021099606515611
22 28 -1.766070183197572
22 29 -1.63163562664612
22 30 -1.389467096380618
22 31 -1.3956217658222956
22 32 -1.760887517983876
22 33 -1.7808786188372892
22 34 -1.4753370406388373
22 35 -1.013399244920528
22 36 -0.6882652611520218
22 37 -0.6426472524231536
22 38 -0.5462141032622855
22 39 -0.7703332054782385
22 40 -0.8005007094064776
22 41 -0.7466713016133415
22 42 -0.6910671930903335
22 43 -0.7243546502597311
22 44 -0.6951984645582164
22 45 -0.6715676040161809
22 46 -0.9468503019091927
22 47 -0.7357302182486276
22 48 -0.8456053788995096
22 49 -0.9715802241213999
22 50 -0.8531460789542956
22 51 -0.8771965268751558
22 52 -0.9575618745209744
22 53 -0.6717866485557696
22 54 -0.35570509327537914
22 55 -0.4869280209884039
22 56 -0.5319286518400292
22 57 -0.37127842745569206
22 58 -0.3798923063518204
22 59 -0.424901028450597
22 60 -0.331336627376308
22 61 -0.3437455476435693
22 62 -0.5240712028720071
22 63 -0.5695511681105001
22 64 -0.2021596994285302
22 65 -0.3270663468110675
23 1 0.0
23 2 0.0
23 3 0.0
23 4 0.0
23 5 0.0
23 6 0.0
23 7 0.0
23 8 0.0
23 9 0.0
23 10 0.0
23 11 0.0
23 12 0.0
23 13 0.0
23 14 0.0
23 15 0.0
23 16 0.0
23 17 0.0
23 18 0.0
23 19 0.0
23 20 0.0
23 21 0.0
23 22 0.0
23 23 0.0
23 24 -12.839996221758144
23 25 -4.898011446898175
23 26 -2.7159118440791246
23 27 -1.5034703790795896
23 28 -1.69686906328516
23 29 -1.7870748397687928
23 30 -1.5079093715604805
23 31 -1.4560673438498577
23 32 -1.9242753355550832
23 33 -1.8444284589468811
23 34 -1.3864805653414638
23 35 -0.9280371537717036
23 36 -0.7430107669174476
23 37 -0.6328475309223461
23 38 -0.4300408585687461
23 39 -0.49501756228932053
23 40 -0.43469346685988663
23 41 -0.5508481455684883
23 42 -0.6724916298715383
23 43 -0.7962208450631441
23 44 -0.702888143772955
23 45 -0.49023547467923967
23 46 -0.5956545703978112
23 47 -0.5374637002759403
23 48 -0.6054906559073634
23 49 -1.0540948433922523
23 50 -1.0570617043653692
23 51 -0.6707379105973229
23 52 -0.616170393351333
23 53 -0.5543537204416293
23 54 -0.2967233601249666
23 55 -0.7567079172937764
23 56 -0.8997295035596374
23 57 -0.4802129635019532
23 58 -0.42767198880917595
23 59 -0.5435534035904477
23 60 -0.5826799236745643
23 61 -0.3999953649986667
23 62 -0.6095618525732804
23 63 -0.6835048242682346
23 64 -0.3116823469968604
23 65 -0.7285384875881761
24 1 0.0
24 2 0.0
24 3 0.0
24 4 0.0
24 5 0.0
24 6 0.0
24 7 0.0
24 8 0.0
24 9 0.0
24 10 0.0
24 11 0.0
24 12 0.0
24 13 0.0
24 14 0.0
24 15 0.0
24 16 0.0
24 17 0.0
24 18 0.0
24 19 0.0
24 20 0.0
24 21 0.0
24 22 0.0
24 23 0.0
24 24 0.0
24 25 -11.121594292583401
24 26 -3.093475248511833
24 27 -1.3955057354162514
24 28 -1.4279536245509967
24 29 -1.6548990246430613
24 30 -1.686037216527109
24 31 -1.8209439303718578
24 32 -2.0028254237892726
24 33 -1.8923032492541234
24 34 -1.237662771300437
24 35 -0.6687939486989193
24 36 -0.5561796598270915
24 37 -0.48657962274690253
24 38 -0.4043314061806834
24 39 -0.382196261022762
24 40 -0.21817185842701237
24 41 -0.36353757147727883
24 42 -0.5809093188773975
24 43 -0.6070776631744808
24 44 -0.5485869116201912
24 45 -0.4070764006883767
24 46 -0.41767105846292346
24 47 -0.3723774930366862
24 48 -0.7258895925270276
24 49 -0.8278680866808686
24 50 -0.7386506953276255
24 51 -0.46142309486533684
24 52 -0.4894936161158634
24 53 -0.5593119299801232
24 54 -0.465643378422982
24 55 -0.6174645967911677
24 56 -0.8485682171228172
24 57 -0.8813482065929713
24 58 -0.5119551423607003
24 59 -0.5931699534259687
24 60 -0.6516449155413905
24 61 -0.5184070835644029
24 62 -0.4987237331532483
24 63 -0.4170369471446457
24 64 -0.541538837578989
24 65 -0.9840179354032652
25 1 0.0
25 2 0.0
25 3 0.0
25 4 0.0
25 5 0.0
25 6 0.0
25 7 0.0
25 8 0.0
25 9 0.0
25 10 0.0
25 11 0.0
25 12 0.0
25 13 0.0
25 14 0.0
25 15 0.0
25 16 0.0
25 17 0.0
25 18 0.0
25 19 0.0
25 20 0.0
25 21 0.0
25 22 0.0
25 23 0.0
25 24 0.0
25 25 0.0
25 26 -9.771659181075115
25 27 -2.889174037888033
25 28 -2.3594141095333563
25 29 -1.6719106598549944
25 30 -1.7818699031230298
25 31 -2.3964599914552167
25 32 -3.0622972085827023
25 33 -2.664244877173074
25 34 -1.4304652935397404
25 35 -0.745910890940207
25 36 -0.5081321482471732
25 37 -0.4087452729198916
25 38 -0.40393599584056805
25 39 -0.5569447599486228
25 40 -0.5251750593942044
25 41 -0.6882700623038482
25 42 -0.8524698110298559
25 43 -0.5822582144957656
25 44 -0.3092237624988941
25 45 -0.48209109685538465
25 46 -0.4910616899217065
25 47 -0.45205686191548416
25 48 -0.7607299999773078
25 49 -0.641774374858124
25 50 -0.4862595353719546
25 51 -0.4917617581751826
25 52 -0.39395828587715326
25 53 -0.376789823140733
25 54 -0.33907540980045553
25 55 -0.3195846250924341
25 56 -0.5756286202906319
25 57 -0.7302513843779537
25 58 -0.39151109897128095
25 59 -0.2176169997326665
25 60 -0.34241262757524205
25 61 -0.3356894533934316
25 62 -0.23041295710756132
25 63 -0.4015616786548712
25 64 -0.5654843367736091
25 65 -0.9167050083195685
26 1 0.0
26 2 0.0
26 3 0.0
26 4 0.0
26 5 0.0
26 6 0.0
26 7 0.0
26 8 0.0
26 9 0.0
26 10 0.0
26 11 0.0
26 12 0.0
26 13 0.0
26 14 0.0
26 15 0.0
26 16 0.0
26 17 0.0
26 18 0.0
26 19 0.0
26 20 0.0
26 21 0.0
26 22 0.0
26 23 0.0
26 24 0.0
26 25 0.0
26 26 0.0
26 27 -11.0103211621197
26 28 -4.435435712964732
26 29 -2.658806920838208
26 30 -2.327760820119693
26 31 -3.2143121388430576
26 32 -3.9934601396790828
26 33 -3.5583333874893293
26 34 -1.9599386139050499
26 35 -1.27883876762133
26 36 -0.7343013739778289
26 37 -0.6814916693440836
26 38 -0.7113225194372047
26 39 -0.9350787252254817
26 40 -0.905468375068523
26 41 -0.9336472875035426
26 42 -0.8265378928654086
26 43 -0.5014342255008964
26 44 -0.5373058487601426
26 45 -0.7854838258792003
26 46 -0.7282848110502265
26 47 -0.6920877873579286
26 48 -0.8939999370153769
26 49 -0.8210510436342258
26 50 -0.574397698764212
26 51 -0.4104139322583584
26 52 -0.4102372949516813
26 53 -0.3749401303296497
26 54 -0.10236043636673178
26 55 -0.18122071570540094
26 56 -0.4047303995704025
26 57 -0.13774842410213775
26 58 -0.1725353421392445
26 59 -0.14859121807962802
26 60 0.1400316074759874
26 61 0.1725396623954602
26 62 -0.1445880413121064
26 63 -0.40700673112284563
26 64 -0.38942700309378614
26 65 -0.4047185986504311
27 1 0.0
27 2 0.0
27 3 0.0
27 4 0.0
27 5 0.0
27 6 0.0
27 7 0.0
27 8 0.0
27 9 0.0
27 10 0.0
27 11 0.0
27 12 0.0
27 13 0.0
27 14 0.0
27 15 0.0
27 16 0.0
27 17 0.0
27 18 0.0
27 19 0.0
27 20 0.0
27 21 0.0
27 22 0.0
27 23 0.0
27 24 0.0
27 25 0.0
27 26 0.0
27 27 0.0
27 28 -11.701943036821707
27 29 -4.431716078130399
27 30 -4.166563981666809
27 31 -4.157149200469019
27 32 -4.36360079278643
27 33 -3.653531560984511
27 34 -2.324683634043908
27 35 -1.6343655431294757
27 36 -1.1179612575534092
27 37 -1.1989557286655328
27 38 -1.1443455902099153
27 39 -1.3873717804755306
27 40 -1.2801637364646505
27 41 -1.08551732394315
27 42 -0.6711532142466192
27 43 -0.6905244822728986
27 44 -1.0256151249810959
27 45 -1.0204462221896566
27 46 -0.9679523520460238
27 47 -0.8134299611851927
27 48 -0.8605333413495
27 49 -0.7517049895940118
27 50 -0.5522847069107991
27 51 -0.6225976569749004
27 52 -0.7040890581059512
27 53 -0.4972716590523621
27 54 -0.2691218779036629
27 55 -0.33156891806527083
27 56 -0.615864899895535
27 57 -0.5633597331025203
27 58 -0.1416220760762582
27 59 -0.057978780404470284
27 60 -0.18696965228841456
27 61 -0.060387384336260286
27 62 -0.2601708409014054
27 63 -0.4856694434860585
27 64 -0.1508227804962482
27 65 0.03118205637701317
28 1 0.0
28 2 0.0
28 3 0.0
28 4 0.0
28 5 0.0
28 6 0.0
28 7 0.0
28 8 0.0
28 9 0.0
28 10 0.0
28 11 0.0
28 12 0.0
28 13 0.0
28 14 0.0
28 15 0.0
28 16 0.0
28 17 0.0
28 18 0.0
28 19 0.0
28 20 0.0
28 21 0.0
28 22 0.0
28 23 0.0
28 24 0.0
28 25 0.0
28 26 0.0
28 27 0.0
28 28 0.0
28 29 -12.374107817362937
28 30 -6.518107679802701
28 31 -5.434544519581265
28 32 -3.875884354692033
28 33 -2.936732425123353
28 34 -2.1202038391433153
28 35 -1.7114839608443213
28 36 -1.395485656418632
28 37 -1.34870558205714
28 38 -1.041349909213933
28 39 -1.0145318181774945
28 40 -0.985374610609893
28 41 -0.913105262149696
28 42 -0.9022646661597526
28 43 -0.9226146965589934
28 44 -0.9469076978961097
28 45 -0.8109362544389149
28 46 -0.9756693541341611
28 47 -0.8243595025661288
28 48 -0.8133054763908718
28 49 -0.9530905119460946
28 50 -0.8166434126062465
28 51 -0.6980608314416638
28 52 -0.7828750264971484
28 53 -0.709022798948618
28 54 -0.5895100868581781
28 55 -0.7302262783026204
28 56 -1.1057632307082539
28 57 -0.9872909483006194
28 58 -0.27377678795998234
28 59 -0.26976272552120983
28 60 -0.44630709744577146
28 61 -0.434658893970052
28 62 -0.6652053018256782
28 63 -0.5783915203530825
28 64 -0.07827906849665893
28 65 -0.049626764514692175
29 1 0.0
29 2 0.0
29 3 0.0
29 4 0.0
29 5 0.0
29 6 0.0
29 7 0.0
29 8 0.0
29 9 0.0
29 10 0.0
29 11 0.0
29 12 0.0
29 13 0.0
29 14 0.0
29 15 0.0
29 16 0.0
29 17 0.0
29 18 0.0
29 19 0.0
29 20 0.0
29 21 0.0
29 22 0.0
29 23 0.0
29 24 0.0
29 25 0.0
29 26 0.0
29 27 0.0
29 28 0.0
29 29 0.0
29 30 -13.553126512611833
29 31 -6.301909514347115
29 32 -4.315117509575047
29 33 -2.740209290637432
29 34 -2.3361517142271557
29 35 -1.7446494734852738
29 36 -1.434331906539895
29 37 -1.0476093697247837
29 38 -0.7006816088449074
29 39 -0.5639546064149936
29 40 -0.7265760971714511
29 41 -0.8486248540764099
29 42 -0.7932182920484436
29 43 -0.8220174700689261
29 44 -0.6659751565559329
29 45 -0.4658137981269586
29 46 -0.5149715571189264
29 47 -0.7922588751989674
29 48 -0.9871739592567507
29 49 -1.3800314510230742
29 50 -1.075430645485298
29 51 -0.6716818661367039
29 52 -0.7194530184998833
29 53 -1.0620051468188303
29 54 -0.9313347321981683
29 55 -0.8043600898593529
29 56 -1.1306161120778118
29 57 -0.9788126002121568
29 58 -0.6739825183667826
29 59 -0.7818341031174894
29 60 -0.739981321085488
29 61 -0.7348189820248936
29 62 -0.7122910496632779
29 63 -0.5035659801976183
29 64 -0.3685610680201603
29 65 -0.5113984320833591
30 1 0.0
30 2 0.0
30 3 0.0
30 4 0.0
30 5 0.0
30 6 0.0
30 7 0.0
30 8 0.0
30 9 0.0
30 10 0.0
30 11 0.0
30 12 0.0
30 13 0.0
30 14 0.0
30 15 0.0
30 16 0.0
30 17 0.0
30 18 0.0
30 19 0.0
30 20 0.0
30 21 0.0
30 22 0.0
30 23 0.0
30 24 0.0
30 25 0.0
30 26 0.0
30 27 0.0
30 28 0.0
30 29 0.0
30 30 0.0
30 31 -12.287308985922728
30 32 -4.986200338964985
30 33 -3.5645057861961553
30 34 -2.6135818999785254
30 35 -1.9848600997843935
30 36 -1.3501022281103794
30 37 -0.964246490547234
30 38 -0.6018222383379722
30 39 -0.5885344458632744
30 40 -0.7817348900746831
30 41 -1.027647129808768
30 42 -0.8759085901562844
30 43 -0.9026438991032253
30 44 -0.7193085115081874
30 45 -0.5655623248492475
30 46 -0.7412860178538072
30 47 -1.1913775817877872
30 48 -1.1447731760378421
30 49 -0.9296847626323577
30 50 -0.8416233423916284
30 51 -0.5598413888710991
30 52 -0.7063293299706663
30 53 -1.0650191340454314
30 54 -0.8457074275559725
30 55 -0.6280521844287283
30 56 -0.7248015483773449
30 57 -0.70472291895262
30 58 -0.7143229435407458
30 59 -0.738677752087224
30 60 -0.7583972690992175
30 61 -0.8114284583061326
30 62 -0.7272603596232791
30 63 -0.37301615536111254
30 64 -0.3996836175283007
30 65 -0.5661329056856282
31 1 0.0
31 2 0.0
31 3 0.0
31 4 0.0
31 5 0.0
31 6 0.0
31 7 0.0
31 8 0.0
31 9 0.0
31 10 0.0
31 11 0.0
31 12 0.0
31 13 0.0
31 14 0.0
31 15 0.0
31 16 0.0
31 17 0.0
31 18 0.0
31 19 0.0
31 20 0.0
31 21 0.0
31 22 0.0
31 23 0.0
31 24 0.0
31 25 0.0
31 26 0.0
31 27 0.0
31 28 0.0
31 29 0.0
31 30 0.0
31 31 0.0
31 32 -11.95286191701199
31 33 -4.652673442858416
31 34 -3.146141163654703
31 35 -2.0472162654789043
31 36 -1.5749823640102802
31 37 -1.3479781605715346
31 38 -0.7023686457949448
31 39 -0.643035748158944
31 40 -0.821887236569044
31 41 -0.9712141759132371
31 42 -0.9750739108264556
31 43 -0.974791090911735
31 44 -0.9625523034651909
31 45 -0.9605259278564107
31 46 -1.2147706235410043
31 47 -1.4020701944836824
31 48 -1.0762581025822664
31 49 -0.9023609991337251
31 50 -0.7798813136987172
31 51 -0.7428980428861771
31 52 -0.8621304747992542
31 53 -0.8908828028833616
31 54 -0.6457772691632294
31 55 -0.8605461490278948
31 56 -0.9316443448532397
31 57 -0.6348528932091996
31 58 -0.3362326551514865
31 59 -0.17381999152457564
31 60 -0.24613448377937308
31 61 -0.39027627101784307
31 62 -0.5342134619340062
31 63 -0.7578194597252601
31 64 -0.6857796800738496
31 65 -0.2906404888095281
32 1 0.0
32 2 0.0
32 3 0.0
32 4 0.0
32 5 0.0
32 6 0.0
32 7 0.0
32 8 0.0
32 9 0.0
32 10 0.0
32 11 0.0
32 12 0.0
32 13 0.0
32 14 0.0
32 15 0.0
32 16 0.0
32 17 0.0
32 18 0.0
32 19 0.0
32 20 0.0
32 21 0.0
32 22 0.0
32 23 0.0
32 24 0.0
32 25 0.0
32 26 0.0
32 27 0.0
32 28 0.0
32 29 0.0
32 30 0.0
32 31 0.0
32 32 0.0
32 33 -11.630527209935037
32 34 -4.613680011285972
32 35 -3.1911895933070187
32 36 -2.5690379212632726
32 37 -1.918023537326136
32 38 -0.8731307849159443
32 39 -0.6964081850315882
32 40 -0.7537614865328427
32 41 -0.8494215232650756
32 42 -0.917107982948259
32 43 -0.8123011311539399
32 44 -0.9812573654043724
32 45 -1.0502973182767346
32 46 -1.0700033487795177
32 47 -1.3673421278906717
32 48 -1.2958252635114316
32 49 -1.2638108550934433
32 50 -0.9378341408191013
32 51 -0.7266434801042754
32 52 -0.9001076827793576
32 53 -0.915934775720596
32 54 -0.6935468911914434
32 55 -0.9651171335573506
32 56 -0.9787851703678161
32 57 -0.6886435676713252
32 58 -0.3657779806079256
32 59 -0.26949974001061605
32 60 -0.15558634039311733
32 61 -0.17474905621014952
32 62 -0.39660828638929096
32 63 -0.7306371792181446
32 64 -0.7150781168354873
32 65 -0.5031546124935261
33 1 0.0
33 2 0.0
33 3 0.0
33 4 0.0
33 5 0.0
33 6 0.0
33 7 0.0
33 8 0.0
33 9 0.0
33 10 0.0
33 11 0.0
33 12 0.0
33 13 0.0
33 14 0.0
33 15 0.0
33 16 0.0
33 17 0.0
33 18 0.0
33 19 0.0
33 20 0.0
33 21 0.0
33 22 0.0
33 23 0.0
33 24 0.0
33 25 0.0
33 26 0.0
33 27 0.0
33 28 0.0
33 29 0.0
33 30 0.0
33 31 0.0
33 32 0.0
33 33 0.0
33 34 -11.807198904560453
33 35 -5.98752443671745
33 36 -4.797113744219364
33 37 -2.6902082370976452
33 38 -1.1129748821707575
33 39 -0.9982408839345992
33 40 -1.0544133437211745
33 41 -1.1707593551725497
33 42 -1.110561415048208
33 43 -1.0606062676341024
33 44 -1.2807697350427567
33 45 -1.531368300085318
33 46 -1.5388408659625719
33 47 -1.4451357369462947
33 48 -1.1469709698712947
33 49 -1.2419346319272448
33 50 -1.141402420901591
33 51 -0.8634236364978953
33 52 -0.8263978573759836
33 53 -0.7369140163594743
33 54 -0.5273352887001759
33 55 -0.833147750943542
33 56 -0.9412681968888952
33 57 -0.7073156796596589
33 58 -0.43034678867127935
33 59 -0.29135218653745915
33 60 -0.21573037398443465
33 61 -0.1998922163822295
33 62 -0.20096327174064804
33 63 -0.4581304861127878
33 64 -0.2762499459813979
33 65 -0.23626983821626377
34 1 0.0
34 2 0.0
34 3 0.0
34 4 0.0
34 5 0.0
34 6 0.0
34 7 0.0
34 8 0.0
34 9 0.0
34 10 0.0
34 11 0.0
34 12 0.0
34 13 0.0
34 14 0.0
34 15 0.0
34 16 0.0
34 17 0.0
34 18 0.0
34 19 0.0
34 20 0.0
34 21 0.0
34 22 0.0
34 23 0.0
34 24 0.0
34 25 0.0
34 26 0.0
34 27 0.0
34 28 0.0
34 29 0.0
34 30 0.0
34 31 0.0
34 32 0.0
34 33 0.0
34 34 0.0
34 35 -12.830622409540972
34 36 -6.831034995298112
34 37 -3.439018307867244
34 38 -1.1310457876773181
34 39 -1.126170566167168
34 40 -1.3203180940184658
34 41 -1.4119549415801114
34 42 -1.395888382807433
34 43 -1.5227097219791823
34 44 -1.6851331420410511
34 45 -2.074726112497334
34 46 -2.065138069549357
34 47 -1.6732449500628268
34 48 -1.1737185152529468
34 49 -1.2072815504800802
34 50 -1.502410403469044
34 51 -1.2244572369742737
34 52 -0.9976634490292311
34 53 -0.7396069401513499
34 54 -0.6005829285890412
34 55 -0.9365173326584466
34 56 -1.0730205096283334
34 57 -0.7045310035070983
34 58 -0.6199433115677101
34 59 -0.25789302691812616
34 60 -0.24235603094377933
34 61 0.027483392536811767
34 62 -0.17279815958336656
34 63 -0.599977936147739
34 64 -0.4634876884399829
34 65 -0.03315506226011357
35 1 0.0
35 2 0.0
35 3 0.0
35 4 0.0
35 5 0.0
35 6 0.0
35 7 0.0
35 8 0.0
35 9 0.0
35 10 0.0
35 11 0.0
35 12 0.0
35 13 0.0
35 14 0.0
35 15 0.0
35 16 0.0
35 17 0.0
35 18 0.0
35 19 0.0
35 20 0.0
35 21 0.0
35 22 0.0
35 23 0.0
35 24 0.0
35 25 0.0
35 26 0.0
35 27 0.0
35 28 0.0
35 29 0.0
35 30 0.0
35 31 0.0
35 32 0.0
35 33 0.0
35 34 0.0
35 35 0.0
35 36 -13.62964593779309
35 37 -6.160813566652265
35 38 -1.512188578103941
35 39 -1.2714649616528844
35 40 -1.4349271111404998
35 41 -1.530735207337438
35 42 -1.5727685533723368
35 43 -1.5385162109108463
35 44 -1.7759692009662469
35 45 -2.575794278178075
35 46 -2.689301818927511
35 47 -1.9176205812191243
35 48 -1.6407085362367648
35 49 -1.458952160500214
35 50 -1.5601270124248434
35 51 -1.705745972429815
35 52 -1.4851454377522624
35 53 -1.1995137445233677
35 54 -0.8600875827249745
35 55 -0.970960287136553
35 56 -0.9022786919167401
35 57 -0.8500873697480974
35 58 -0.8420387745086344
35 59 -0.5089749780195739
35 60 -0.2975479661621437
35 61 0.19086962389235193
35 62 -0.018967511356719497
35 63 -0.7006695586522013
35 64 -0.7276577866188573
35 65 -0.5090557586122398
36 1 0.0
36 2 0.0
36 3 0.0
36 4 0.0
36 5 0.0
36 6 0.0
36 7 0.0
36 8 0.0
36 9 0.0
36 10 0.0
36 11 0.0
36 12 0.0
36 13 0.0
36 14 0.0
36 15 0.0
36 16 0.0
36 17 0.0
36 18 0.0
36 19 0.0
36 20 0.0
36 21 0.0
36 22 0.0
36 23 0.0
36 24 0.0
36 25 0.0
36 26 0.0
36 27 0.0
36 28 0.0
36 29 0.0
36 30 0.0
36 31 0.0
36 32 0.0
36 33 0.0
36 34 0.0
36 35 0.0
36 36 0.0
36 37 -11.358842470723733
36 38 -2.347405511498385
36 39 -1.9335234561626564
36 40 -1.772901030002055
36 41 -1.6609299571088894
36 42 -1.7573329457476787
36 43 -1.5578109345483848
36 44 -1.9030967977877096
36 45 -3.0157229805158314
36 46 -3.4767127797848127
36 47 -3.146693335544812
36 48 -2.757663561547839
36 49 -2.0518025456695095
36 50 -1.8012881155202258
36 51 -1.933202530663142
36 52 -1.579568957941512
36 53 -1.3705114645653467
36 54 -1.1708668163726188
36 55 -0.9698409974846404
36 56 -0.8295670610255256
36 57 -0.7798937196580139
36 58 -0.8398273759908209
36 59 -0.6533980052270821
36 60 -0.7166811463532401
36 61 -0.8812958051732549
36 62 -1.1083623057183067
36 63 -0.9225557867166371
36 64 -0.4511490094247993
36 65 -0.4837897656889308
37 1 0.0
37 2 0.0
37 3 0.0
37 4 0.0
37 5 0.0
37 6 0.0
37 7 0.0
37 8 0.0
37 9 0.0
37 10 0.0
37 11 0.0
37 12 0.0
37 13 0.0
37 14 0.0
37 15 0.0
37 16 0.0
37 17 0.0
37 18 0.0
37 19 0.0
37 20 0.0
37 21 0.0
37 22 0.0
37 23 0.0
37 24 0.0
37 25 0.0
37 26 0.0
37 27 0.0
37 28 0.0
37 29 0.0
37 30 0.0
37 31 0.0
37 32 0.0
37 33 0.0
37 34 0.0
37 35 0.0
37 36 0.0
37 37 0.0
37 38 -10.477336925323295
37 39 -5.011492609786611
37 40 -3.366509044442659
37 41 -2.247592112281381
37 42 -2.066299621089226
37 43 -2.0870649015500584
37 44 -2.492805980827031
37 45 -3.3735577929325853
37 46 -4.452514264689129
37 47 -4.586740565598082
37 48 -3.7913441576822255
37 49 -2.77904434956095
37 50 -2.5635559597092086
37 51 -2.584274882691331
37 52 -2.0494594943792035
37 53 -1.826086582404746
37 54 -1.963484397400741
37 55 -1.7138554188815651
37 56 -1.6999137224269067
37 57 -1.6301017651565932
37 58 -1.494457969656043
37 59 -1.1101636422792556
37 60 -1.280669667109575
37 61 -1.9513277602594958
37 62 -2.897853158364725
37 63 -2.9690140651089867
37 64 -1.6791953619236946
37 65 -1.066019701221892
38 1 0.0
38 2 0.0
38 3 0.0
38 4 0.0
38 5 0.0
38 6 0.0
38 7 0.0
38 8 0.0
38 9 0.0
38 10 0.0
38 11 0.0
38 12 0.0
38 13 0.0
38 14 0.0
38 15 0.0
38 16 0.0
38 17 0.0
38 18 0.0
38 19 0.0
38 20 0.0
38 21 0.0
38 22 0.0
38 23 0.0
38 24 0.0
38 25 0.0
38 26 0.0
38 27 0.0
38 28 0.0
38 29 0.0
38 30 0.0
38 31 0.0
38 32 0.0
38 33 0.0
38 34 0.0
38 35 0.0
38 36 0.0
38 37 0.0
38 38 0.0
38 39 -12.887116234087625
38 40 -4.642139577797983
38 41 -2.815832432089651
38 42 -2.5202678981850664
38 43 -2.8033830416833245
38 44 -3.0672909693125687
38 45 -3.9512908201653767
38 46 -4.957522320545384
38 47 -5.046748402766195
38 48 -4.175458624561192
38 49 -3.0260320538522962
38 50 -2.671521385563071
38 51 -2.704126139692088
38 52 -2.578976750936597
38 53 -2.1963005030755607
38 54 -2.115977890150645
38 55 -2.052742213058052
38 56 -2.260701297665401
38 57 -1.9994860302933073
38 58 -1.8260749791895452
38 59 -1.4561785358115373
38 60 -1.4581510897124779
38 61 -1.748332296264982
38 62 -2.7188398711148385
38 63 -3.3056387014144306
38 64 -2.2571396575130183
38 65 -1.533687516063849
39 1 0.0
39 2 0.0
39 3 0.0
39 4 0.0
39 5 0.0
39 6 0.0
39 7 0.0
39 8 0.0
39 9 0.0
39 10 0.0
39 11 0.0
39 12 0.0
39 13 0.0
39 14 0.0
39 15 0.0
39 16 0.0
39 17 0.0
39 18 0.0
39 19 0.0
39 20 0.0
39 21 0.0
39 22 0.0
39 23 0.0
39 24 0.0
39 25 0.0
39 26 0.0
39 27 0.0
39 28 0.0
39 29 0.0
39 30 0.0
39 31 0.0
39 32 0.0
39 33 0.0
39 34 0.0
39 35 0.0
39 36 0.0
39 37 0.0
39 38 0.0
39 39 0.0
39 40 -11.222517710262222
39 41 -3.272403985644001
39 42 -3.419612139000905
39 43 -3.2600946340893975
39 44 -3.4973518898797336
39 45 -4.322830941811872
39 46 -4.558826363865408
39 47 -4.2468795425278385
39 48 -3.458838274888278
39 49 -2.498868191344042
39 50 -2.321324556074583
39 51 -2.3346855470831493
39 52 -2.4198239767152145
39 53 -2.2814058965550252
39 54 -1.7017114322480573
39 55 -1.6816720528128768
39 56 -1.9394647596070356
39 57 -1.558549110401033
39 58 -1.444006903706001
39 59 -1.3288603662104495
39 60 -1.2631408968275555
39 61 -1.1298034281705855
39 62 -1.5836724871233165
39 63 -1.7135910756748511
39 64 -1.4915856211073235
39 65 -0.982346635307579
40 1 0.0
40 2 0.0
40 3 0.0
40 4 0.0
40 5 0.0
40 6 0.0
40 7 0.0
40 8 0.0
40 9 0.0
40 10 0.0
40 11 0.0
40 12 0.0
40 13 0.0
40 14 0.0
40 15 0.0
40 16 0.0
40 17 0.0
40 18 0.0
40 19 0.0
40 20 0.0
40 21 0.0
40 22 0.0
40 23 0.0
40 24 0.0
40 25 0.0
40 26 0.0
40 27 0.0
40 28 0.0
40 29 0.0
40 30 0.0
40 31 0.0
40 32 0.0
40 33 0.0
40 34 0.0
40 35 0.0
40 36 0.0
40 37 0.0
40 38 0.0
40 39 0.0
40 40 0.0
40 41 -11.583131194729324
40 42 -5.1969738709592095
40 43 -4.612935597457821
40 44 -4.3686298557657
40 45 -5.1449362347850816
40 46 -4.9064673424274305
40 47 -4.019211936843634
40 48 -2.6085701637249468
40 49 -2.0890012057381524
40 50 -2.177494478439921
40 51 -2.2505546813624147
40 52 -1.837910430049472
40 53 -1.7390302018199524
40 54 -1.428076505824024
40 55 -1.432721034924096
40 56 -1.4441370675438485
40 57 -1.5621834725150028
40 58 -1.423403822038713
40 59 -0.6759772389890158
40 60 -0.5498031191962107
40 61 -0.8970846883581522
40 62 -1.3990549400225656
40 63 -1.4497594721818186
40 64 -0.9259166771809912
40 65 -0.5934516890450109
41 1 0.0
41 2 0.0
41 3 0.0
41 4 0.0
41 5 0.0
41 6 0.0
41 7 0.0
41 8 0.0
41 9 0.0
41 10 0.0
41 11 0.0
41 12 0.0
41 13 0.0
41 14 0.0
41 15 0.0
41 16 0.0
41 17 0.0
41 18 0.0
41 19 0.0
41 20 0.0
41 21 0.0
41 22 0.0
41 23 0.0
41 24 0.0
41 25 0.0
41 26 0.0
41 27 0.0
41 28 0.0
41 29 0.0
41 30 0.0
41 31 0.0
41 32 0.0
41 33 0.0
41 34 0.0
41 35 0.0
41 36 0.0
41 37 0.0
41 38 0.0
41 39 0.0
41 40 0.0
41 41 0.0
41 42 -13.122351283305456
41 43 -6.443067524413789
41 44 -5.81009052151804
41 45 -5.21421700081771
41 46 -4.292418673394999
41 47 -3.1979558242063595
41 48 -1.7538122384286199
41 49 -1.5875642569990809
41 50 -2.0424278591873573
41 51 -1.9157586213946223
41 52 -1.4843433166889632
41 53 -1.4015414701312188
41 54 -1.1449621091360744
41 55 -1.0308087961970616
41 56 -1.2160785537579053
41 57 -1.4493239571384373
41 58 -1.448333014179075
41 59 -0.6402559634065568
41 60 -0.2905341315604962
41 61 -0.6244080215761982
41 62 -1.2442780936870455
41 63 -1.2021206786108931
41 64 -0.6176233603094837
41 65 -0.34060551533924815
42 1 0.0
42 2 0.0
42 3 0.0
42 4 0.0
42 5 0.0
42 6 0.0
42 7 0.0
42 8 0.0
42 9 0.0
42 10 0.0
42 11 0.0
42 12 0.0
42 13 0.0
42 14 0.0
42 15 0.0
42 16 0.0
42 17 0.0
42 18 0.0
42 19 0.0
42 20 0.0
42 21 0.0
42 22 0.0
42 23 0.0
42 24 0.0
42 25 0.0
42 26 0.0
42 27 0.0
42 28 0.0
42 29 0.0
42 30 0.0
42 31 0.0
42 32 0.0
42 33 0.0
42 34 0.0
42 35 0.0
42 36 0.0
42 37 0.0
42 38 0.0
42 39 0.0
42 40 0.0
42 41 0.0
42 42 0.0
42 43 -13.297382076508315
42 44 -5.921291524437213
42 45 -4.1237938799403535
42 46 -2.5319115425844774
42 47 -2.1607302914875177
42 48 -1.7581302788476527
42 49 -1.3867823011195017
42 50 -1.4750847632158868
42 51 -1.448331006641792
42 52 -1.4062892153828013
42 53 -1.341804349886373
42 54 -1.1140220776760859
42 55 -1.3932517620831528
42 56 -1.5416407887386583
42 57 -1.2535945631774152
42 58 -1.27900329099324
42 59 -1.2357486855340492
42 60 -1.0006868629813597
42 61 -1.0090105844511863
42 62 -1.071820709058333
42 63 -1.0922467972840066
42 64 -1.056973370021335
42 65 -0.8128382576676096
43 1 0.0
43 2 0.0
43 3 0.0
43 4 0.0
43 5 0.0
43 6 0.0
43 7 0.0
43 8 0.0
43 9 0.0
43 10 0.0
43 11 0.0
43 12 0.0
43 13 0.0
43 14 0.0
43 15 0.0
43 16 0.0
43 17 0.0
43 18 0.0
43 19 0.0
43 20 0.0
43 21 0.0
43 22 0.0
43 23 0.0
43 24 0.0
43 25 0.0
43 26 0.0
43 27 0.0
43 28 0.0
43 29 0.0
43 30 0.0
43 31 0.0
43 32 0.0
43 33 0.0
43 34 0.0
43 35 0.0
43 36 0.0
43 37 0.0
43 38 0.0
43 39 0.0
43 40 0.0
43 41 0.0
43 42 0.0
43 43 0.0
43 44 -11.978330913991556
43 45 -3.5860096201197975
43 46 -2.1619061432973448
43 47 -1.9994710063166752
43 48 -2.0293767449981193
43 49 -1.635744473833495
43 50 -1.3523665925635056
43 51 -1.2686609290830144
43 52 -1.290224211184521
43 53 -1.4168396630820728
43 54 -1.2967186579999432
43 55 -1.3111842345992568
43 56 -1.497090256061394
43 57 -1.2806214322421532
43 58 -1.1270106937457651
43 59 -1.4760113437982167
43 60 -1.33656887361942
43 61 -1.2609090189176146
43 62 -1.376098321942853
43 63 -1.570445117360155
43 64 -1.2553279082322424
43 65 -1.0463614858449428
44 1 0.0
44 2 0.0
44 3 0.0
44 4 0.0
44 5 0.0
44 6 0.0
44 7 0.0
44 8 0.0
44 9 0.0
44 10 0.0
44 11 0.0
44 12 0.0
44 13 0.0
44 14 0.0
44 15 0.0
44 16 0.0
44 17 0.0
44 18 0.0
44 19 0.0
44 20 0.0
44 21 0.0
44 22 0.0
44 23 0.0
44 24 0.0
44 25 0.0
44 26 0.0
44 27 0.0
44 28 0.0
44 29 0.0
44 30 0.0
44 31 0.0
44 32 0.0
44 33 0.0
44 34 0.0
44 35 0.0
44 36 0.0
44 37 0.0
44 38 0.0
44 39 0.0
44 40 0.0
44 41 0.0
44 42 0.0
44 43 0.0
44 44 0.0
44 45 -11.844960865973146
44 46 -4.404837337332163
44 47 -2.7817542627319223
44 48 -1.8144428943042277
44 49 -1.5873757979011045
44 50 -1.5381071958477883
44 51 -1.3393699910767647
44 52 -1.4608566807581647
44 53 -1.2889576655220247
44 54 -1.1704894066596998
44 55 -0.8987620205550544
44 56 -0.8700826568256047
44 57 -0.8944575835667017
44 58 -0.9938470066287249
44 59 -1.2502010752980919
44 60 -1.1460693553789134
44 61 -1.2776064995369578
44 62 -1.5850267461341394
44 63 -1.9685191105433761
44 64 -1.4968885443943754
44 65 -1.0979445845057916
45 1 0.0
45 2 0.0
45 3 0.0
45 4 0.0
45 5 0.0
45 6 0.0
45 7 0.0
45 8 0.0
45 9 0.0
45 10 0.0
45 11 0.0
45 12 0.0
45 13 0.0
45 14 0.0
45 15 0.0
45 16 0.0
45 17 0.0
45 18 0.0
45 19 0.0
45 20 0.0
45 21 0.0
45 22 0.0
45 23 0.0
45 24 0.0
45 25 0.0
45 26 0.0
45 27 0.0
45 28 0.0
45 29 0.0
45 30 0.0
45 31 0.0
45 32 0.0
45 33 0.0
45 34 0.0
45 35 0.0
45 36 0.0
45 37 0.0
45 38 0.0
45 39 0.0
45 40 0.0
45 41 0.0
45 42 0.0
45 43 0.0
45 44 0.0
45 45 0.0
45 46 -12.221089062580603
45 47 -3.2847390861529884
45 48 -1.7211835200265015
45 49 -1.4620826203994526
45 50 -1.3784163818676387
45 51 -1.38981475277431
45 52 -1.3813250748593386
45 53 -0.9090654629814764
45 54 -0.7294563018834535
45 55 -0.7169838138808544
45 56 -0.616427512202547
45 57 -0.635316359473936
45 58 -0.6924469652893231
45 59 -0.8478765512855043
45 60 -0.7223589695152959
45 61 -0.8064156345566579
45 62 -1.5020236999763001
45 63 -1.5589988899628702
45 64 -0.9822185969301885
45 65 -0.6037685197012674
46 1 0.0
46 2 0.0
46 3 0.0
46 4 0.0
46 5 0.0
46 6 0.0
46 7 0.0
46 8 0.0
46 9 0.0
46 10 0.0
46 11 0.0
46 12 0.0
46 13 0.0
46 14 0.0
46 15 0.0
46 16 0.0
46 17 0.0
46 18 0.0
46 19 0.0
46 20 0.0
46 21 0.0
46 22 0.0
46 23 0.0
46 24 0.0
46 25 0.0
46 26 0.0
46 27 0.0
46 28 0.0
46 29 0.0
46 30 0.0
46 31 0.0
46 32 0.0
46 33 0.0
46 34 0.0
46 35 0.0
46 36 0.0
46 37 0.0
46 38 0.0
46 39 0.0
46 40 0.0
46 41 0.0
46 42 0.0
46 43 0.0
46 44 0.0
46 45 0.0
46 46 0.0
46 47 -9.866061207842126
46 48 -2.989877602230008
46 49 -2.111979918624567
46 50 -1.9631510909963776
46 51 -1.9630562772358562
46 52 -1.6193728894601094
46 53 -1.3234123025264115
46 54 -1.0763783604720238
46 55 -1.1653889019510588
46 56 -1.368921768543884
46 57 -1.407251195960171
46 58 -1.237734462979404
46 59 -1.320378247567532
46 60 -1.0498335185179386
46 61 -1.1158021228651855
46 62 -2.5343022284682433
46 63 -2.090784584166018
46 64 -0.5333608997465785
46 65 -0.6201112254339484
47 1 0.0
47 2 0.0
47 3 0.0
47 4 0.0
47 5 0.0
47 6 0.0
47 7 0.0
47 8 0.0
47 9 0.0
47 10 0.0
47 11 0.0
47 12 0.0
47 13 0.0
47 14 0.0
47 15 0.0
47 16 0.0
47 17 0.0
47 18 0.0
47 19 0.0
47 20 0.0
47 21 0.0
47 22 0.0
47 23 0.0
47 24 0.0
47 25 0.0
47 26 0.0
47 27 0.0
47 28 0.0
47 29 0.0
47 30 0.0
47 31 0.0
47 32 0.0
47 33 0.0
47 34 0.0
47 35 0.0
47 36 0.0
47 37 0.0
47 38 0.0
47 39 0.0
47 40 0.0
47 41 0.0
47 42 0.0
47 43 0.0
47 44 0.0
47 45 0.0
47 46 0.0
47 47 0.0
47 48 -11.307956842556498
47 49 -5.028777673344
47 50 -3.5421055723665527
47 51 -2.7086952367732233
47 52 -2.152305877384133
47 53 -2.1113347587081583
47 54 -1.9007143755575606
47 55 -1.9836254790206234
47 56 -2.047069381815286
47 57 -2.157497489563086
47 58 -2.0405036937186782
47 59 -1.6391830185611211
47 60 -1.715914020669754
47 61 -2.029946939968274
47 62 -2.9090667640528016
47 63 -2.797842477258057
47 64 -1.8925854037082952
47 65 -1.5051453072367351
48 1 0.0
48 2 0.0
48 3 0.0
48 4 0.0
48 5 0.0
48 6 0.0
48 7 0.0
48 8 0.0
48 9 0.0
48 10 0.0
48 11 0.0
48 12 0.0
48 13 0.0
48 14 0.0
48 15 0.0
48 16 0.0
48 17 0.0
48 18 0.0
48 19 0.0
48 20 0.0
48 21 0.0
48 22 0.0
48 23 0.0
48 24 0.0
48 25 0.0
48 26 0.0
48 27 0.0
48 28 0.0
48 29 0.0
48 30 0.0
48 31 0.0
48 32 0.0
48 33 0.0
48 34 0.0
48 35 0.0
48 36 0.0
48 37 0.0
48 38 0.0
48 39 0.0
48 40 0.0
48 41 0.0
48 42 0.0
48 43 0.0
48 44 0.0
48 45 0.0
48 46 0.0
48 47 0.0
48 48 0.0
48 49 -12.354374245538745
48 50 -4.90787079957175
48 51 -3.1881631533612502
48 52 -2.701078437027468
48 53 -2.5405388112155394
48 54 -2.2173627329448826
48 55 -2.26279357809199
48 56 -2.2575397776927355
48 57 -2.274455732955836
48 58 -2.3200934544219862
48 59 -2.0153224079624708
48 60 -2.165333370920126
48 61 -2.504930661139102
48 62 -2.7443479461172418
48 63 -2.8944585754349474
48 64 -2.64096049119972
48 65 -2.2200683951063955
49 1 0.0
49 2 0.0
49 3 0.0
49 4 0.0
49 5 0.0
49 6 0.0
49 7 0.0
49 8 0.0
49 9 0.0
49 10 0.0
49 11 0.0
49 12 0.0
49 13 0.0
49 14 0.0
49 15 0.0
49 16 0.0
49 17 0.0
49 18 0.0
49 19 0.0
49 20 0.0
49 21 0.0
49 22 0.0
49 23 0.0
49 24 0.0
49 25 0.0
49 26 0.0
49 27 0.0
49 28 0.0
49 29 0.0
49 30 0.0
49 31 0.0
49 32 0.0
49 33 0.0
49 34 0.0
49 35 0.0
49 36 0.0
49 37 0.0
49 38 0.0
49 39 0.0
49 40 0.0
49 41 0.0
49 42 0.0
49 43 0.0
49 44 0.0
49 45 0.0
49 46 0.0
49 47 0.0
49 48 0.0
49 49 0.0
49 50 -11.351155739408311
49 51 -4.078395490877551
49 52 -3.0371331379500663
49 53 -2.6748280148284955
49 54 -2.4224579275445324
49 55 -2.2829219338317723
49 56 -2.432072127214181
49 57 -2.5369926923063364
49 58 -2.4848632967626214
49 59 -2.5182909002112557
49 60 -2.482096416876693
49 61 -2.4656062421878113
49 62 -2.9550115908958263
49 63 -3.1201730787430306
49 64 -2.906909668891909
49 65 -2.7601554729384046
50 1 0.0
50 2 0.0
50 3 0.0
50 4 0.0
50 5 0.0
50 6 0.0
50 7 0.0
50 8 0.0
50 9 0.0
50 10 0.0
50 11 0.0
50 12 0.0
50 13 0.0
50 14 0.0
50 15 0.0
50 16 0.0
50 17 0.0
50 18 0.0
50 19 0.0
50 20 0.0
50 21 0.0
50 22 0.0
50 23 0.0
50 24 0.0
50 25 0.0
50 26 0.0
50 27 0.0
50 28 0.0
50 29 0.0
50 30 0.0
50 31 0.0
50 32 0.0
50 33 0.0
50 34 0.0
50 35 0.0
50 36 0.0
50 37 0.0
50 38 0.0
50 39 0.0
50 40 0.0
50 41 0.0
50 42 0.0
50 43 0.0
50 44 0.0
50 45 0.0
50 46 0.0
50 47 0.0
50 48 0.0
50 49 0.0
50 50 0.0
50 51 -11.03677374118185
50 52 -4.287971787776206
50 53 -3.5416208128434707
50 54 -3.031101342191231
50 55 -2.74285642280534
50 56 -2.8471312709741845
50 57 -2.728934673969242
50 58 -2.452152560575209
50 59 -2.4778988999851523
50 60 -2.4545361538104458
50 61 -2.3235715986870273
50 62 -3.22433994028029
50 63 -3.7460299475000314
50 64 -2.9561886803992037
50 65 -2.623451568339352
51 1 0.0
51 2 0.0
51 3 0.0
51 4 0.0
51 5 0.0
51 6 0.0
51 7 0.0
51 8 0.0
51 9 0.0
51 10 0.0
51 11 0.0
51 12 0.0
51 13 0.0
51 14 0.0
51 15 0.0
51 16 0.0
51 17 0.0
51 18 0.0
51 19 0.0
51 20 0.0
51 21 0.0
51 22 0.0
51 23 0.0
51 24 0.0
51 25 0.0
51 26 0.0
51 27 0.0
51 28 0.0
51 29 0.0
51 30 0.0
51 31 0.0
51 32 0.0
51 33 0.0
51 34 0.0
51 35 0.0
51 36 0.0
51 37 0.0
51 38 0.0
51 39 0.0
51 40 0.0
51 41 0.0
51 42 0.0
51 43 0.0
51 44 0.0
51 45 0.0
51 46 0.0
51 47 0.0
51 48 0.0
51 49 0.0
51 50 0.0
51 51 0.0
51 52 -11.858633773495827
51 53 -5.144513871108934
51 54 -3.8900599461395236
51 55 -3.1668618503613284
51 56 -3.072822799111918
51 57 -2.9554881505881454
51 58 -2.5179488885162282
51 59 -2.451801603308243
51 60 -2.5053916012865436
51 61 -2.5892406688838014
51 62 -3.250509595293843
51 63 -3.512471293812888
51 64 -2.4860919356559394
51 65 -2.0061031325879237
52 1 0.0
52 2 0.0
52 3 0.0
52 4 0.0
52 5 0.0
52 6 0.0
52 7 0.0
52 8 0.0
52 9 0.0
52 10 0.0
52 11 0.0
52 12 0.0
52 13 0.0
52 14 0.0
52 15 0.0
52 16 0.0
52 17 0.0
52 18 0.0
52 19 0.0
52 20 0.0
52 21 0.0
52 22 0.0
52 23 0.0
52 24 0.0
52 25 0.0
52 26 0.0
52 27 0.0
52 28 0.0
52 29 0.0
52 30 0.0
52 31 0.0
52 32 0.0
52 33 0.0
52 34 0.0
52 35 0.0
52 36 0.0
52 37 0.0
52 38 0.0
52 39 0.0
52 40 0.0
52 41 0.0
52 42 0.0
52 43 0.0
52 44 0.0
52 45 0.0
52 46 0.0
52 47 0.0
52 48 0.0
52 49 0.0
52 50 0.0
52 51 0.0
52 52 0.0
52 53 -11.987790469646567
52 54 -4.979867836664367
52 55 -3.9572035339584497
52 56 -3.2351988147462643
52 57 -3.2170895069875525
52 58 -2.823471574180017
52 59 -2.3798665815213558
52 60 -2.376607029599568
52 61 -2.498672714896942
52 62 -2.667694388813915
52 63 -2.5872178050012793
52 64 -2.046737976598145
52 65 -1.8227576124088756
53 1 0.0
53 2 0.0
53 3 0.0
53 4 0.0
53 5 0.0
53 6 0.0
53 7 0.0
53 8 0.0
53 9 0.0
53 10 0.0
53 11 0.0
53 12 0.0
53 13 0.0
53 14 0.0
53 15 0.0
53 16 0.0
53 17 0.0
53 18 0.0
53 19 0.0
53 20 0.0
53 21 0.0
53 22 0.0
53 23 0.0
53 24 0.0
53 25 0.0
53 26 0.0
53 27 0.0
53 28 0.0
53 29 0.0
53 30 0.0
53 31 0.0
53 32 0.0
53 33 0.0
53 34 0.0
53 35 0.0
53 36 0.0
53 37 0.0
53 38 0.0
53 39 0.0
53 40 0.0
53 41 0.0
53 42 0.0
53 43 0.0
53 44 0.0
53 45 0.0
53 46 0.0
53 47 0.0
53 48 0.0
53 49 0.0
53 50 0.0
53 51 0.0
53 52 0.0
53 53 0.0
53 54 -11.725609307847721
53 55 -4.885554292916209
53 56 -3.7810481495730994
53 57 -3.0595339998143913
53 58 -2.8411719998361447
53 59 -2.563067756625323
53 60 -2.4855922033342672
53 61 -2.424558714098004
53 62 -2.399760883102243
53 63 -2.214246438417866
53 64 -2.008618828373373
53 65 -1.9737530944438715
54 1 0.0
54 2 0.0
54 3 0.0
54 4 0.0
54 5 0.0
54 6 0.0
54 7 0.0
54 8 0.0
54 9 0.0
54 10 0.0
54 11 0.0
54 12 0.0
54 13 0.0
54 14 0.0
54 15 0.0
54 16 0.0
54 17 0.0
54 18 0.0
54 19 0.0
54 20 0.0
54 21 0.0
54 22 0.0
54 23 0.0
54 24 0.0
54 25 0.0
54 26 0.0
54 27 0.0
54 28 0.0
54 29 0.0
54 30 0.0
54 31 0.0
54 32 0.0
54 33 0.0
54 34 0.0
54 35 0.0
54 36 0.0
54 37 0.0
54 38 0.0
54 39 0.0
54 40 0.0
54 41 0.0
54 42 0.0
54 43 0.0
54 44 0.0
54 45 0.0
54 46 0.0
54 47 0.0
54 48 0.0
54 49 0.0
54 50 0.0
54 51 0.0
54 52 0.0
54 53 0.0
54 54 0.0
54 55 -11.822999091693351
54 56 -4.830299928580573
54 57 -3.569226584475729
54 58 -3.1615039184624494
54 59 -2.877013460490025
54 60 -2.809490998624934
54 61 -2.874934735119934
54 62 -2.4705794356035455
54 63 -2.101284305323346
54 64 -2.0448154449887124
54 65 -1.9831330844954358
55 1 0.0
55 2 0.0
55 3 0.0
55 4 0.0
55 5 0.0
55 6 0.0
55 7 0.0
55 8 0.0
55 9 0.0
55 10 0.0
55 11 0.0
55 12 0.0
55 13 0.0
55 14 0.0
55 15 0.0
55 16 0.0
55 17 0.0
55 18 0.0
55 19 0.0
55 20 0.0
55 21 0.0
55 22 0.0
55 23 0.0
55 24 0.0
55 25 0.0
55 26 0.0
55 27 0.0
55 28 0.0
55 29 0.0
55 30 0.0
55 31 0.0
55 32 0.0
55 33 0.0
55 34 0.0
55 35 0.0
55 36 0.0
55 37 0.0
55 38 0.0
55 39 0.0
55 40 0.0
55 41 0.0
55 42 0.0
55 43 0.0
55 44 0.0
55 45 0.0
55 46 0.0
55 47 0.0
55 48 0.0
55 49 0.0
55 50 0.0
55 51 0.0
55 52 0.0
55 53 0.0
55 54 0.0
55 55 0.0
55 56 -11.960763339003876
55 57 -4.856707564313215
55 58 -3.9249927144714842
55 59 -3.2211962186753027
55 60 -2.942235244248633
55 61 -2.685830268825092
55 62 -2.4330724334862803
55 63 -2.3226121584349153
55 64 -2.185420454659786
55 65 -1.93268986310118
56 1 0.0
56 2 0.0
56 3 0.0
56 4 0.0
56 5 0.0
56 6 0.0
56 7 0.0
56 8 0.0
56 9 0.0
56 10 0.0
56 11 0.0
56 12 0.0
56 13 0.0
56 14 0.0
56 15 0.0
56 16 0.0
56 17 0.0
56 18 0.0
56 19 0.0
56 20 0.0
56 21 0.0
56 22 0.0
56 23 0.0
56 24 0.0
56 25 0.0
56 26 0.0
56 27 0.0
56 28 0.0
56 29 0.0
56 30 0.0
56 31 0.0
56 32 0.0
56 33 0.0
56 34 0.0
56 35 0.0
56 36 0.0
56 37 0.0
56 38 0.0
56 39 0.0
56 40 0.0
56 41 0.0
56 42 0.0
56 43 0.0
56 44 0.0
56 45 0.0
56 46 0.0
56 47 0.0
56 48 0.0
56 49 0.0
56 50 0.0
56 51 0.0
56 52 0.0
56 53 0.0
56 54 0.0
56 55 0.0
56 56 0.0
56 57 -11.929336929568908
56 58 -4.951705533763985
56 59 -3.9461775433493833
56 60 -2.9325436419521695
56 61 -2.3453605886060607
56 62 -2.1391389055161505
56 63 -2.394280480560219
56 64 -2.2509118534988644
56 65 -1.9370486972923586
57 1 0.0
57 2 0.0
57 3 0.0
57 4 0.0
57 5 0.0
57 6 0.0
57 7 0.0
57 8 0.0
57 9 0.0
57 10 0.0
57 11 0.0
57 12 0.0
57 13 0.0
57 14 0.0
57 15 0.0
57 16 0.0
57 17 0.0
57 18 0.0
57 19 0.0
57 20 0.0
57 21 0.0
57 22 0.0
57 23 0.0
57 24 0.0
57 25 0.0
57 26 0.0
57 27 0.0
57 28 0.0
57 29 0.0
57 30 0.0
57 31 0.0
57 32 0.0
57 33 0.0
57 34 0.0
57 35 0.0
57 36 0.0
57 37 0.0
57 38 0.0
57 39 0.0
57 40 0.0
57 41 0.0
57 42 0.0
57 43 0.0
57 44 0.0
57 45 0.0
57 46 0.0
57 47 0.0
57 48 0.0
57 49 0.0
57 50 0.0
57 51 0.0
57 52 0.0
57 53 0.0
57 54 0.0
57 55 0.0
57 56 0.0
57 57 0.0
57 58 -11.819356573325583
57 59 -4.754234099862726
57 60 -3.673678200986128
57 61 -2.851132333412492
57 62 -2.495670367023508
57 63 -2.418527576595734
57 64 -2.369724978804897
57 65 -2.1389217929363213
58 1 0.0
58 2 0.0
58 3 0.0
58 4 0.0
58 5 0.0
58 6 0.0
58 7 0.0
58 8 0.0
58 9 0.0
58 10 0.0
58 11 0.0
58 12 0.0
58 13 0.0
58 14 0.0
58 15 0.0
58 16 0.0
58 17 0.0
58 18 0.0
58 19 0.0
58 20 0.0
58 21 0.0
58 22 0.0
58 23 0.0
58 24 0.0
58 25 0.0
58 26 0.0
58 27 0.0
58 28 0.0
58 29 0.0
58 30 0.0
58 31 0.0
58 32 0.0
58 33 0.0
58 34 0.0
58 35 0.0
58 36 0.0
58 37 0.0
58 38 0.0
58 39 0.0
58 40 0.0
58 41 0.0
58 42 0.0
58 43 0.0
58 44 0.0
58 45 0.0
58 46 0.0
58 47 0.0
58 48 0.0
58 49 0.0
58 50 0.0
58 51 0.0
58 52 0.0
58 53 0.0
58 54 0.0
58 55 0.0
58 56 0.0
58 57 0.0
58 58 0.0
58 59 -11.536469601069129
58 60 -4.718866641451657
58 61 -3.8577475115236215
58 62 -2.93213923019864
58 63 -2.5159358081646026
58 64 -2.66557618041167
58 65 -2.8321341001257245
59 1 0.0
59 2 0.0
59 3 0.0
59 4 0.0
59 5 0.0
59 6 0.0
59 7 0.0
59 8 0.0
59 9 0.0
59 10 0.0
59 11 0.0
59 12 0.0
59 13 0.0
59 14 0.0
59 15 0.0
59 16 0.0
59 17 0.0
59 18 0.0
59 19 0.0
59 20 0.0
59 21 0.0
59 22 0.0
59 23 0.0
59 24 0.0
59 25 0.0
59 26 0.0
59 27 0.0
59 28 0.0
59 29 0.0
59 30 0.0
59 31 0.0
59 32 0.0
59 33 0.0
59 34 0.0
59 35 0.0
59 36 0.0
59 37 0.0
59 38 0.0
59 39 0.0
59 40 0.0
59 41 0.0
59 42 0.0
59 43 0.0
59 44 0.0
59 45 0.0
59 46 0.0
59 47 0.0
59 48 0.0
59 49 0.0
59 50 0.0
59 51 0.0
59 52 0.0
59 53 0.0
59 54 0.0
59 55 0.0
59 56 0.0
59 57 0.0
59 58 0.0
59 59 0.0
59 60 -11.63039636738101
59 61 -4.929201061909717
59 62 -3.6106342485009724
59 63 -2.61968183932001
59 64 -2.6616464161947277
59 65 -3.257548156184651
60 1 0.0
60 2 0.0
60 3 0.0
60 4 0.0
60 5 0.0
60 6 0.0
60 7 0.0
60 8 0.0
60 9 0.0
60 10 0.0
60 11 0.0
60 12 0.0
60 13 0.0
60 14 0.0
60 15 0.0
60 16 0.0
60 17 0.0
60 18 0.0
60 19 0.0
60 20 0.0
60 21 0.0
60 22 0.0
60 23 0.0
60 24 0.0
60 25 0.0
60 26 0.0
60 27 0.0
60 28 0.0
60 29 0.0
60 30 0.0
60 31 0.0
60 32 0.0
60 33 0.0
60 34 0.0
60 35 0.0
60 36 0.0
60 37 0.0
60 38 0.0
60 39 0.0
60 40 0.0
60 41 0.0
60 42 0.0
60 43 0.0
60 44 0.0
60 45 0.0
60 46 0.0
60 47 0.0
60 48 0.0
60 49 0.0
60 50 0.0
60 51 0.0
60 52 0.0
60 53 0.0
60 54 0.0
60 55 0.0
60 56 0.0
60 57 0.0
60 58 0.0
60 59 0.0
60 60 0.0
60 61 -11.7083140619631
60 62 -4.702975551733626
60 63 -3.4945314692947607
60 64 -3.0735779662909595
60 65 -3.2876437729514922
61 1 0.0
61 2 0.0
61 3 0.0
61 4 0.0
61 5 0.0
61 6 0.0
61 7 0.0
61 8 0.0
61 9 0.0
61 10 0.0
61 11 0.0
61 12 0.0
61 13 0.0
61 14 0.0
61 15 0.0
61 16 0.0
61 17 0.0
61 18 0.0
61 19 0.0
61 20 0.0
61 21 0.0
61 22 0.0
61 23 0.0
61 24 0.0
61 25 0.0
61 26 0.0
61 27 0.0
61 28 0.0
61 29 0.0
61 30 0.0
61 31 0.0
61 32 0.0
61 33 0.0
61 34 0.0
61 35 0.0
61 36 0.0
61 37 0.0
61 38 0.0
61 39 0.0
61 40 0.0
61 41 0.0
61 42 0.0
61 43 0.0
61 44 0.0
61 45 0.0
61 46 0.0
61 47 0.0
61 48 0.0
61 49 0.0
61 50 0.0
61 51 0.0
61 52 0.0
61 53 0.0
61 54 0.0
61 55 0.0
61 56 0.0
61 57 0.0
61 58 0.0
61 59 0.0
61 60 0.0
61 61 0.0
61 62 -11.417918551730498
61 63 -4.527884921518284
61 64 -3.893232628842082
61 65 -3.440205304911525
62 1 0.0
62 2 0.0
62 3 0.0
62 4 0.0
62 5 0.0
62 6 0.0
62 7 0.0
62 8 0.0
62 9 0.0
62 10 0.0
62 11 0.0
62 12 0.0
62 13 0.0
62 14 0.0
62 15 0.0
62 16 0.0
62 17 0.0
62 18 0.0
62 19 0.0
62 20 0.0
62 21 0.0
62 22 0.0
62 23 0.0
62 24 0.0
62 25 0.0
62 26 0.0
62 27 0.0
62 28 0.0
62 29 0.0
62 30 0.0
62 31 0.0
62 32 0.0
62 33 0.0
62 34 0.0
62 35 0.0
62 36 0.0
62 37 0.0
62 38 0.0
62 39 0.0
62 40 0.0
62 41 0.0
62 42 0.0
62 43 0.0
62 44 0.0
62 45 0.0
62 46 0.0
62 47 0.0
62 48 0.0
62 49 0.0
62 50 0.0
62 51 0.0
62 52 0.0
62 53 0.0
62 54 0.0
62 55 0.0
62 56 0.0
62 57 0.0
62 58 0.0
62 59 0.0
62 60 0.0
62 61 0.0
62 62 0.0
62 63 -11.677476330294136
62 64 -5.222721936314125
62 65 -3.9183395266448993
63 1 0.0
63 2 0.0
63 3 0.0
63 4 0.0
63 5 0.0
63 6 0.0
63 7 0.0
63 8 0.0
63 9 0.0
63 10 0.0
63 11 0.0
63 12 0.0
63 13 0.0
63 14 0.0
63 15 0.0
63 16 0.0
63 17 0.0
63 18 0.0
63 19 0.0
63 20 0.0
63 21 0.0
63 22 0.0
63 23 0.0
63 24 0.0
63 25 0.0
63 26 0.0
63 27 0.0
63 28 0.0
63 29 0.0
63 30 0.0
63 31 0.0
63 32 0.0
63 33 0.0
63 34 0.0
63 35 0.0
63 36 0.0
63 37 0.0
63 38 0.0
63 39 0.0
63 40 0.0
63 41 0.0
63 42 0.0
63 43 0.0
63 44 0.0
63 45 0.0
63 46 0.0
63 47 0.0
63 48 0.0
63 49 0.0
63 50 0.0
63 51 0.0
63 52 0.0
63 53 0.0
63 54 0.0
63 55 0.0
63 56 0.0
63 57 0.0
63 58 0.0
63 59 0.0
63 60 0.0
63 61 0.0
63 62 0.0
63 63 0.0
63 64 -12.00768608899958
63 65 -5.264374468308237
64 1 0.0
64 2 0.0
64 3 0.0
64 4 0.0
64 5 0.0
64 6 0.0
64 7 0.0
64 8 0.0
64 9 0.0
64 10 0.0
64 11 0.0
64 12 0.0
64 13 0.0
64 14 0.0
64 15 0.0
64 16 0.0
64 17 0.0
64 18 0.0
64 19 0.0
64 20 0.0
64 21 0.0
64 22 0.0
64 23 0.0
64 24 0.0
64 25 0.0
64 26 0.0
64 27 0.0
64 28 0.0
64 29 0.0
64 30 0.0
64 31 0.0
64 32 0.0
64 33 0.0
64 34 0.0
64 35 0.0
64 36 0.0
64 37 0.0
64 38 0.0
64 39 0.0
64 40 0.0
64 41 0.0
64 42 0.0
64 43 0.0
64 44 0.0
64 45 0.0
64 46 0.0
64 47 0.0
64 48 0.0
64 49 0.0
64 50 0.0
64 51 0.0
64 52 0.0
64 53 0.0
64 54 0.0
64 55 0.0
64 56 0.0
64 57 0.0
64 58 0.0
64 59 0.0
64 60 0.0
64 61 0.0
64 62 0.0
64 63 0.0
64 64 0.0
64 65 -11.771691005334189
65 1 0.0
65 2 0.0
65 3 0.0
65 4 0.0
65 5 0.0
65 6 0.0
65 7 0.0
65 8 0.0
65 9 0.0
65 10 0.0
65 11 0.0
65 12 0.0
65 13 0.0
65 14 0.0
65 15 0.0
65 16 0.0
65 17 0.0
65 18 0.0
65 19 0.0
65 20 0.0
65 21 0.0
65 22 0.0
65 23 0.0
65 24 0.0
65 25 0.0
65 26 0.0
65 27 0.0
65 28 0.0
65 29 0.0
65 30 0.0
65 31 0.0
65 32 0.0
65 33 0.0
65 34 0.0
65 35 0.0
65 36 0.0
65 37 0.0
65 38 0.0
65 39 0.0
65 40 0.0
65 41 0.0
65 42 0.0
65 43 0.0
65 44 0.0
65 45 0.0
65 46 0.0
65 47 0.0
65 48 0.0
65 49 0.0
65 50 0.0
65 51 0.0
65 52 0.0
65 53 0.0
65 54 0.0
65 55 0.0
65 56 0.0
65 57 0.0
65 58 0.0
65 59 0.0
65 60 0.0
65 61 0.0
65 62 0.0
65 63 0.0
65 64 0.0
65 65 0.0
