1 1 1.00000000
1 2 1.00000000
1 3 0.32182443
1 4 0.11714282
1 5 0.09719712
1 6 0.07793643
1 7 0.08157367
1 8 0.07341289
1 9 0.05933498
1 10 0.07370519
1 11 0.09034270
1 12 0.09662469
1 13 0.07876406
1 14 0.05747885
1 15 0.04790350
1 16 0.04905121
1 17 0.05065942
1 18 0.04903528
1 19 0.04070036
1 20 0.03969671
1 21 0.04263891
1 22 0.03925385
1 23 0.03686591
1 24 0.04008529
1 25 0.06088714
1 26 0.06109970
1 27 0.04747809
1 28 0.04698405
1 29 0.03835856
1 30 0.03080942
1 31 0.03558187
1 32 0.03878435
1 33 0.03232892
1 34 0.02237096
1 35 0.01613055
1 36 0.01189074
1 37 0.00817301
1 38 0.00469517
1 39 0.00609569
1 40 0.00655368
1 41 0.00636889
1 42 0.00635547
1 43 0.00449727
1 44 0.00460318
1 45 0.00452188
1 46 0.00395577
1 47 0.00307890
1 48 0.00317168
1 49 0.00320300
1 50 0.00299440
1 51 0.00364694
1 52 0.00264718
1 53 0.00246760
1 54 0.00237931
1 55 0.00405081
1 56 0.00534892
1 57 0.00388939
1 58 0.00283721
1 59 0.00283681
1 60 0.00266927
1 61 0.00155519
1 62 0.00172682
1 63 0.00285614
1 64 0.00272782
1 65 0.00274509
2 2 1.00000000
2 3 0.74975534
2 4 0.20330884
2 5 0.14386702
2 6 0.10492438
2 7 0.09995618
2 8 0.10503695
2 9 0.10003012
2 10 0.10844241
2 11 0.12390866
2 12 0.13710084
2 13 0.11121680
2 14 0.06931931
2 15 0.05730874
2 16 0.05818814
2 17 0.05552573
2 18 0.05986748
2 19 0.05623603
2 20 0.04751317
2 21 0.04650520
2 22 0.04419431
2 23 0.04358510
2 24 0.04904511
2 25 0.07740950
2 26 0.08727116
2 27 0.06711444
2 28 0.05128042
2 29 0.04019597
2 30 0.03669817
2 31 0.03904130
2 32 0.04676981
2 33 0.04174510
2 34 0.02476300
2 35 0.01614127
2 36 0.01199520
2 37 0.00836694
2 38 0.00552732
2 39 0.00556193
2 40 0.00554062
2 41 0.00593792
2 42 0.00561036
2 43 0.00476508
2 44 0.00592607
2 45 0.00520674
2 46 0.00404243
2 47 0.00335919
2 48 0.00306330
2 49 0.00298686
2 50 0.00248997
2 51 0.00326747
2 52 0.00359299
2 53 0.00388621
2 54 0.00305960
2 55 0.00391586
2 56 0.00470768
2 57 0.00313539
2 58 0.00233894
2 59 0.00294050
2 60 0.00285139
2 61 0.00154130
2 62 0.00203897
2 63 0.00271716
2 64 0.00232981
2 65 0.00299289
3 3 1.00000000
3 4 0.81969005
3 5 0.35975082
3 6 0.21690645
3 7 0.18175256
3 8 0.18623282
3 9 0.18579936
3 10 0.18665772
3 11 0.19987915
3 12 0.20428520
3 13 0.15223296
3 14 0.08926061
3 15 0.07451078
3 16 0.07531082
3 17 0.07157916
3 18 0.07868036
3 19 0.07845271
3 20 0.06608207
3 21 0.05858413
3 22 0.05660581
3 23 0.05333804
3 24 0.06506057
3 25 0.10210932
3 26 0.11610695
3 27 0.09430723
3 28 0.06502179
3 29 0.04708392
3 30 0.04404265
3 31 0.04654382
3 32 0.05912971
3 33 0.05500773
3 34 0.03008110
3 35 0.01717128
3 36 0.01429041
3 37 0.00935948
3 38 0.00631224
3 39 0.00583044
3 40 0.00543892
3 41 0.00653624
3 42 0.00611796
3 43 0.00575789
3 44 0.00610459
3 45 0.00601140
3 46 0.00605793
3 47 0.00471572
3 48 0.00327853
3 49 0.00242001
3 50 0.00216166
3 51 0.00328445
3 52 0.00463448
3 53 0.00417098
3 54 0.00212434
3 55 0.00240236
3 56 0.00358340
3 57 0.00295990
3 58 0.00245392
3 59 0.00257365
3 60 0.00241645
3 61 0.00176257
3 62 0.00198715
3 63 0.00223415
3 64 0.00144744
3 65 0.00248159
4 4 1.00000000
4 5 0.94449633
4 6 0.41229182
4 7 0.27291546
4 8 0.25356301
4 9 0.24029152
4 10 0.22740042
4 11 0.23805762
4 12 0.21637778
4 13 0.14328278
4 14 0.09526021
4 15 0.08338750
4 16 0.08221669
4 17 0.08097009
4 18 0.08680725
4 19 0.08480597
4 20 0.07268155
4 21 0.06562065
4 22 0.06348498
4 23 0.05760522
4 24 0.06956669
4 25 0.10110341
4 26 0.10588406
4 27 0.08805263
4 28 0.06566549
4 29 0.04833271
4 30 0.04762201
4 31 0.05576383
4 32 0.06372382
4 33 0.05539983
4 34 0.03490402
4 35 0.02088299
4 36 0.01564903
4 37 0.01078962
4 38 0.00811585
4 39 0.00733953
4 40 0.00600403
4 41 0.00722091
4 42 0.00716071
4 43 0.00737688
4 44 0.00669082
4 45 0.00706081
4 46 0.00847152
4 47 0.00628797
4 48 0.00543811
4 49 0.00473389
4 50 0.00360325
4 51 0.00418788
4 52 0.00451783
4 53 0.00359427
4 54 0.00245671
4 55 0.00222495
4 56 0.00279531
4 57 0.00272995
4 58 0.00260968
4 59 0.00228875
4 60 0.00217032
4 61 0.00278566
4 62 0.00352487
4 63 0.00327430
4 64 0.00195265
4 65 0.00258383
5 5 1.00000000
5 6 0.92135155
5 7 0.41023230
5 8 0.31529270
5 9 0.27201486
5 10 0.24073404
5 11 0.24036630
5 12 0.20115154
5 13 0.12128414
5 14 0.08525044
5 15 0.07866865
5 16 0.07673924
5 17 0.07529974
5 18 0.07811963
5 19 0.07549709
5 20 0.06651774
5 21 0.06147019
5 22 0.05661462
5 23 0.05489512
5 24 0.06255729
5 25 0.08220039
5 26 0.08771629
5 27 0.07741810
5 28 0.06166411
5 29 0.04608652
5 30 0.04681672
5 31 0.05198443
5 32 0.05472090
5 33 0.04674076
5 34 0.03338797
5 35 0.02379205
5 36 0.01805794
5 37 0.01320760
5 38 0.00973842
5 39 0.00872343
5 40 0.00849725
5 41 0.00868118
5 42 0.00694213
5 43 0.00822846
5 44 0.00843690
5 45 0.00835332
5 46 0.00884580
5 47 0.00731010
5 48 0.00614344
5 49 0.00558194
5 50 0.00485054
5 51 0.00430456
5 52 0.00417004
5 53 0.00392349
5 54 0.00399799
5 55 0.00421552
5 56 0.00341890
5 57 0.00264560
5 58 0.00241434
5 59 0.00225440
5 60 0.00328861
5 61 0.00371506
5 62 0.00349323
5 63 0.00298196
5 64 0.00226347
5 65 0.00268793
6 6 1.00000000
6 7 0.93708634
6 8 0.44280426
6 9 0.29173425
6 10 0.23802402
6 11 0.22446376
6 12 0.17854681
6 13 0.10538559
6 14 0.07273362
6 15 0.06827740
6 16 0.06636028
6 17 0.06312418
6 18 0.06448030
6 19 0.06264820
6 20 0.05619229
6 21 0.05139791
6 22 0.04715850
6 23 0.04623034
6 24 0.05383939
6 25 0.06723217
6 26 0.07252695
6 27 0.06893922
6 28 0.05689655
6 29 0.04324209
6 30 0.03945539
6 31 0.04010354
6 32 0.04386043
6 33 0.03911007
6 34 0.02696123
6 35 0.02204620
6 36 0.01877322
6 37 0.01158191
6 38 0.00790550
6 39 0.00730354
6 40 0.00879933
6 41 0.00974569
6 42 0.00706539
6 43 0.00705803
6 44 0.00806818
6 45 0.00802984
6 46 0.00765468
6 47 0.00705901
6 48 0.00507456
6 49 0.00378018
6 50 0.00426757
6 51 0.00434381
6 52 0.00572016
6 53 0.00423885
6 54 0.00357083
6 55 0.00475418
6 56 0.00423884
6 57 0.00333889
6 58 0.00208875
6 59 0.00194746
6 60 0.00253770
6 61 0.00242451
6 62 0.00238237
6 63 0.00201589
6 64 0.00156343
6 65 0.00219501
7 7 1.00000000
7 8 0.91789338
7 9 0.36648538
7 10 0.23706903
7 11 0.22022408
7 12 0.16625059
7 13 0.09427569
7 14 0.07039529
7 15 0.06832159
7 16 0.06269509
7 17 0.05835581
7 18 0.06553725
7 19 0.06315586
7 20 0.05303023
7 21 0.04901535
7 22 0.04850089
7 23 0.04758178
7 24 0.05211731
7 25 0.06270580
7 26 0.06484616
7 27 0.05909549
7 28 0.04997084
7 29 0.03995544
7 30 0.03643774
7 31 0.04127606
7 32 0.04522953
7 33 0.03979435
7 34 0.02827548
7 35 0.02018483
7 36 0.01492254
7 37 0.00942705
7 38 0.00786137
7 39 0.00636904
7 40 0.00677810
7 41 0.00880692
7 42 0.00708197
7 43 0.00651565
7 44 0.00678731
7 45 0.00659522
7 46 0.00696294
7 47 0.00686103
7 48 0.00608002
7 49 0.00488488
7 50 0.00421956
7 51 0.00397453
7 52 0.00521618
7 53 0.00418211
7 54 0.00348906
7 55 0.00412509
7 56 0.00445530
7 57 0.00383354
7 58 0.00257855
7 59 0.00235672
7 60 0.00153454
7 61 0.00171997
7 62 0.00282583
7 63 0.00259930
7 64 0.00272413
7 65 0.00276058
8 8 1.00000000
8 9 0.88064881
8 10 0.36733375
8 11 0.27012821
8 12 0.20119175
8 13 0.10801927
8 14 0.07008338
8 15 0.07179681
8 16 0.06891954
8 17 0.06424620
8 18 0.07302618
8 19 0.07110021
8 20 0.05577130
8 21 0.05002854
8 22 0.05309922
8 23 0.05058564
8 24 0.04779148
8 25 0.06588502
8 26 0.07680914
8 27 0.06730086
8 28 0.05724009
8 29 0.04390112
8 30 0.03839899
8 31 0.04317997
8 32 0.04801865
8 33 0.04665163
8 34 0.03418416
8 35 0.02077868
8 36 0.01418910
8 37 0.01064183
8 38 0.00967896
8 39 0.00941792
8 40 0.00920229
8 41 0.00872989
8 42 0.00757907
8 43 0.00820195
8 44 0.00740347
8 45 0.00764839
8 46 0.00843663
8 47 0.00713345
8 48 0.00731643
8 49 0.00697193
8 50 0.00492737
8 51 0.00449893
8 52 0.00436379
8 53 0.00365319
8 54 0.00290752
8 55 0.00317707
8 56 0.00400583
8 57 0.00384198
8 58 0.00382712
8 59 0.00271769
8 60 0.00182579
8 61 0.00286342
8 62 0.00283061
8 63 0.00241606
8 64 0.00329010
8 65 0.00313386
9 9 1.00000000
9 10 0.92938404
9 11 0.43542968
9 12 0.24762280
9 13 0.12114549
9 14 0.07268316
9 15 0.07367916
9 16 0.07963837
9 17 0.07246546
9 18 0.07329247
9 19 0.07451207
9 20 0.05915021
9 21 0.05184643
9 22 0.05451422
9 23 0.05244480
9 24 0.05047097
9 25 0.07176495
9 26 0.08528606
9 27 0.07468047
9 28 0.05922858
9 29 0.04344096
9 30 0.04094182
9 31 0.04400858
9 32 0.05063945
9 33 0.05139015
9 34 0.03677467
9 35 0.02334312
9 36 0.01675327
9 37 0.01074005
9 38 0.00853922
9 39 0.01014424
9 40 0.01017671
9 41 0.00863673
9 42 0.00730003
9 43 0.00841074
9 44 0.00854439
9 45 0.00851798
9 46 0.00815392
9 47 0.00644992
9 48 0.00664377
9 49 0.00647187
9 50 0.00510900
9 51 0.00527296
9 52 0.00470951
9 53 0.00315942
9 54 0.00216807
9 55 0.00253347
9 56 0.00289219
9 57 0.00272482
9 58 0.00345106
9 59 0.00357180
9 60 0.00292574
9 61 0.00307865
9 62 0.00269996
9 63 0.00177290
9 64 0.00187307
9 65 0.00197435
10 10 1.00000000
10 11 0.96295250
10 12 0.35700948
10 13 0.13097374
10 14 0.08796366
10 15 0.08064016
10 16 0.07969146
10 17 0.07565154
10 18 0.07999935
10 19 0.07999877
10 20 0.06539062
10 21 0.05804546
10 22 0.05768750
10 23 0.06067231
10 24 0.06207397
10 25 0.07844619
10 26 0.08736478
10 27 0.07460700
10 28 0.05846347
10 29 0.04662935
10 30 0.04637001
10 31 0.04627941
10 32 0.05089806
10 33 0.04966647
10 34 0.03704343
10 35 0.02389171
10 36 0.01781452
10 37 0.01149700
10 38 0.00724164
10 39 0.00905098
10 40 0.00863039
10 41 0.00747344
10 42 0.00644280
10 43 0.00820461
10 44 0.00846139
10 45 0.00805585
10 46 0.00821387
10 47 0.00669364
10 48 0.00545240
10 49 0.00493042
10 50 0.00514747
10 51 0.00442176
10 52 0.00404121
10 53 0.00330110
10 54 0.00269425
10 55 0.00293567
10 56 0.00258206
10 57 0.00333510
10 58 0.00365448
10 59 0.00377664
10 60 0.00408942
10 61 0.00326288
10 62 0.00239531
10 63 0.00190587
10 64 0.00210836
10 65 0.00133188
11 11 1.00000000
11 12 0.82072448
11 13 0.20264560
11 14 0.11237360
11 15 0.09760744
11 16 0.08546967
11 17 0.08587222
11 18 0.10028686
11 19 0.09432162
11 20 0.07469945
11 21 0.06703421
11 22 0.06610917
11 23 0.06893974
11 24 0.07125892
11 25 0.09491579
11 26 0.10480300
11 27 0.08709439
11 28 0.07045994
11 29 0.05589338
11 30 0.05061648
11 31 0.04895394
11 32 0.05527144
11 33 0.05432400
11 34 0.03904325
11 35 0.02269389
11 36 0.01576933
11 37 0.01120470
11 38 0.00769812
11 39 0.00881903
11 40 0.00721033
11 41 0.00717414
11 42 0.00782259
11 43 0.00856020
11 44 0.00731691
11 45 0.00668256
11 46 0.00872658
11 47 0.00740492
11 48 0.00480090
11 49 0.00451761
11 50 0.00519904
11 51 0.00449810
11 52 0.00394104
11 53 0.00344063
11 54 0.00289823
11 55 0.00296561
11 56 0.00361246
11 57 0.00446140
11 58 0.00383544
11 59 0.00319366
11 60 0.00333261
11 61 0.00324575
11 62 0.00329601
11 63 0.00297104
11 64 0.00220230
11 65 0.00194116
12 12 1.00000000
12 13 0.78158439
12 14 0.28575212
12 15 0.18593870
12 16 0.15661254
12 17 0.15145616
12 18 0.17367851
12 19 0.16117433
12 20 0.12180211
12 21 0.10800476
12 22 0.10392690
12 23 0.10044957
12 24 0.11386267
12 25 0.17634539
12 26 0.17906633
12 27 0.12696295
12 28 0.09441119
12 29 0.06434998
12 30 0.05636937
12 31 0.06453915
12 32 0.08423449
12 33 0.07496808
12 34 0.04406252
12 35 0.02481112
12 36 0.01586566
12 37 0.01042988
12 38 0.00834786
12 39 0.00849963
12 40 0.00650616
12 41 0.00708665
12 42 0.00778191
12 43 0.00762562
12 44 0.00634294
12 45 0.00634539
12 46 0.00805586
12 47 0.00729440
12 48 0.00622167
12 49 0.00489126
12 50 0.00353888
12 51 0.00370906
12 52 0.00314998
12 53 0.00211040
12 54 0.00239401
12 55 0.00322963
12 56 0.00423574
12 57 0.00410140
12 58 0.00306840
12 59 0.00274544
12 60 0.00200117
12 61 0.00293527
12 62 0.00442557
12 63 0.00344252
12 64 0.00207102
12 65 0.00272638
13 13 1.00000000
13 14 0.91748529
13 15 0.41148342
13 16 0.26345628
13 17 0.24545225
13 18 0.25386768
13 19 0.21871556
13 20 0.16962597
13 21 0.15674794
13 22 0.15177380
13 23 0.14189185
13 24 0.15977508
13 25 0.22389612
13 26 0.20349330
13 27 0.13066676
13 28 0.09869945
13 29 0.07498042
13 30 0.06832621
13 31 0.07955728
13 32 0.10002416
13 33 0.08024605
13 34 0.04267797
13 35 0.02744319
13 36 0.01998567
13 37 0.01280476
13 38 0.00831158
13 39 0.00722437
13 40 0.00570509
13 41 0.00646842
13 42 0.00828101
13 43 0.00823356
13 44 0.00742675
13 45 0.00815419
13 46 0.00843759
13 47 0.00902336
13 48 0.00876689
13 49 0.00584217
13 50 0.00446311
13 51 0.00447259
13 52 0.00327753
13 53 0.00216172
13 54 0.00318477
13 55 0.00365848
13 56 0.00364414
13 57 0.00409337
13 58 0.00360660
13 59 0.00251442
13 60 0.00202208
13 61 0.00315104
13 62 0.00426804
13 63 0.00415228
13 64 0.00287902
13 65 0.00228017
14 14 1.00000000
14 15 0.93443370
14 16 0.38996005
14 17 0.28791231
14 18 0.25742767
14 19 0.21121758
14 20 0.17898021
14 21 0.16641066
14 22 0.15255686
14 23 0.14548456
14 24 0.15476290
14 25 0.18229123
14 26 0.15598555
14 27 0.10448874
14 28 0.08747266
14 29 0.07533049
14 30 0.06751789
14 31 0.07301069
14 32 0.08468885
14 33 0.06586078
14 34 0.03737354
14 35 0.02595416
14 36 0.02012158
14 37 0.01412903
14 38 0.00812895
14 39 0.00707003
14 40 0.00633635
14 41 0.00680921
14 42 0.00825551
14 43 0.00812369
14 44 0.00958292
14 45 0.01028401
14 46 0.00831083
14 47 0.00945196
14 48 0.00945468
14 49 0.00657468
14 50 0.00562969
14 51 0.00727822
14 52 0.00541154
14 53 0.00341161
14 54 0.00521400
14 55 0.00460898
14 56 0.00440865
14 57 0.00485476
14 58 0.00461650
14 59 0.00315723
14 60 0.00259198
14 61 0.00390511
14 62 0.00404455
14 63 0.00413425
14 64 0.00408687
14 65 0.00347733
15 15 1.00000000
15 16 0.88860666
15 17 0.37739007
15 18 0.26700027
15 19 0.21991790
15 20 0.17523902
15 21 0.14750696
15 22 0.13824370
15 23 0.13965247
15 24 0.14000365
15 25 0.15843737
15 26 0.14108681
15 27 0.10250509
15 28 0.08114155
15 29 0.06181942
15 30 0.05875833
15 31 0.06191592
15 32 0.07061183
15 33 0.06160147
15 34 0.04148614
15 35 0.02834742
15 36 0.01901769
15 37 0.01225677
15 38 0.00767753
15 39 0.00869192
15 40 0.00885861
15 41 0.00881872
15 42 0.00836397
15 43 0.00671411
15 44 0.01066761
15 45 0.01250307
15 46 0.00797152
15 47 0.00693185
15 48 0.00832764
15 49 0.00693732
15 50 0.00498891
15 51 0.00669186
15 52 0.00606997
15 53 0.00475853
15 54 0.00611606
15 55 0.00587949
15 56 0.00461445
15 57 0.00480381
15 58 0.00493282
15 59 0.00330152
15 60 0.00228942
15 61 0.00338282
15 62 0.00381773
15 63 0.00344169
15 64 0.00430486
15 65 0.00404870
16 16 1.00000000
16 17 0.92217362
16 18 0.42720900
16 19 0.25587468
16 20 0.16989219
16 21 0.14481013
16 22 0.14969821
16 23 0.14941459
16 24 0.14789929
16 25 0.15924890
16 26 0.13276277
16 27 0.09501195
16 28 0.07286802
16 29 0.05739654
16 30 0.06098759
16 31 0.06695083
16 32 0.07173664
16 33 0.06282043
16 34 0.04301946
16 35 0.02781661
16 36 0.01924269
16 37 0.01167698
16 38 0.00718827
16 39 0.00824093
16 40 0.00824727
16 41 0.00918078
16 42 0.00967553
16 43 0.00854438
16 44 0.01159432
16 45 0.01174840
16 46 0.00757860
16 47 0.00651349
16 48 0.00704290
16 49 0.00623455
16 50 0.00554906
16 51 0.00563355
16 52 0.00503498
16 53 0.00565075
16 54 0.00587384
16 55 0.00533226
16 56 0.00412975
16 57 0.00445313
16 58 0.00447980
16 59 0.00288609
16 60 0.00297889
16 61 0.00305761
16 62 0.00284691
16 63 0.00295201
16 64 0.00315428
16 65 0.00292434
17 17 1.00000000
17 18 0.93648303
17 19 0.34854155
17 20 0.18837060
17 21 0.16704086
17 22 0.16183403
17 23 0.15657873
17 24 0.15753844
17 25 0.16607965
17 26 0.13121473
17 27 0.08500562
17 28 0.06574222
17 29 0.05846895
17 30 0.06112158
17 31 0.06836578
17 32 0.06870532
17 33 0.05510862
17 34 0.03672772
17 35 0.02229120
17 36 0.01580297
17 37 0.00926679
17 38 0.00676391
17 39 0.00732770
17 40 0.00599199
17 41 0.00751767
17 42 0.00857897
17 43 0.00892086
17 44 0.01096837
17 45 0.00887064
17 46 0.00606993
17 47 0.00721961
17 48 0.00791013
17 49 0.00695752
17 50 0.00576805
17 51 0.00539699
17 52 0.00542751
17 53 0.00572711
17 54 0.00492788
17 55 0.00416936
17 56 0.00419981
17 57 0.00473254
17 58 0.00428516
17 59 0.00240395
17 60 0.00256422
17 61 0.00289107
17 62 0.00379635
17 63 0.00432901
17 64 0.00369451
17 65 0.00417215
18 18 1.00000000
18 19 0.82210740
18 20 0.28734882
18 21 0.21451384
18 22 0.19610062
18 23 0.19239114
18 24 0.18844158
18 25 0.21065217
18 26 0.17298340
18 27 0.10898039
18 28 0.08329217
18 29 0.06405628
18 30 0.06074344
18 31 0.06670186
18 32 0.07332465
18 33 0.06273042
18 34 0.04010419
18 35 0.02488662
18 36 0.01604250
18 37 0.00898177
18 38 0.00703670
18 39 0.00848076
18 40 0.00687605
18 41 0.00683543
18 42 0.00829752
18 43 0.00774597
18 44 0.00709243
18 45 0.00795886
18 46 0.00684181
18 47 0.00607575
18 48 0.00790306
18 49 0.00796624
18 50 0.00567111
18 51 0.00453115
18 52 0.00583056
18 53 0.00543691
18 54 0.00349560
18 55 0.00331941
18 56 0.00423328
18 57 0.00515239
18 58 0.00438957
18 59 0.00391106
18 60 0.00316676
18 61 0.00236204
18 62 0.00434339
18 63 0.00474481
18 64 0.00358854
18 65 0.00386010
19 19 1.00000000
19 20 0.86358705
19 21 0.40224822
19 22 0.28233176
19 23 0.24077667
19 24 0.22896398
19 25 0.23932577
19 26 0.18080215
19 27 0.11638002
19 28 0.09407427
19 29 0.06863914
19 30 0.06331368
19 31 0.06918848
19 32 0.07537794
19 33 0.06623580
19 34 0.04192210
19 35 0.02746139
19 36 0.01893168
19 37 0.01135381
19 38 0.00954822
19 39 0.01032244
19 40 0.00787467
19 41 0.00683281
19 42 0.00829644
19 43 0.00810062
19 44 0.00747415
19 45 0.00872243
19 46 0.00735313
19 47 0.00540597
19 48 0.00640933
19 49 0.00653477
19 50 0.00462461
19 51 0.00404027
19 52 0.00577316
19 53 0.00536008
19 54 0.00421313
19 55 0.00432645
19 56 0.00443185
19 57 0.00485682
19 58 0.00469745
19 59 0.00503738
19 60 0.00408291
19 61 0.00217998
19 62 0.00315153
19 63 0.00344298
19 64 0.00298535
19 65 0.00310089
20 20 1.00000000
20 21 0.97209313
20 22 0.45455732
20 23 0.29358213
20 24 0.25923024
20 25 0.22854810
20 26 0.14489561
20 27 0.08858370
20 28 0.07772329
20 29 0.06425449
20 30 0.06202574
20 31 0.06635138
20 32 0.06409969
20 33 0.05191138
20 34 0.03645794
20 35 0.02569660
20 36 0.01814568
20 37 0.01162389
20 38 0.00896489
20 39 0.00812828
20 40 0.00713789
20 41 0.00833963
20 42 0.00894116
20 43 0.00794864
20 44 0.00902146
20 45 0.00814312
20 46 0.00695726
20 47 0.00665849
20 48 0.00637959
20 49 0.00680816
20 50 0.00601046
20 51 0.00511358
20 52 0.00646170
20 53 0.00602749
20 54 0.00476543
20 55 0.00504710
20 56 0.00439755
20 57 0.00567275
20 58 0.00700133
20 59 0.00535469
20 60 0.00407471
20 61 0.00352636
20 62 0.00471049
20 63 0.00466577
20 64 0.00451652
20 65 0.00530435
21 21 1.00000000
21 22 0.95603662
21 23 0.42267981
21 24 0.29649736
21 25 0.23524318
21 26 0.13966793
21 27 0.08124688
21 28 0.07234422
21 29 0.05997023
21 30 0.05525734
21 31 0.05943718
21 32 0.06377436
21 33 0.05130573
21 34 0.03503675
21 35 0.02313459
21 36 0.01566321
21 37 0.01113915
21 38 0.00790786
21 39 0.00711050
21 40 0.00750865
21 41 0.00893776
21 42 0.00845843
21 43 0.00744271
21 44 0.00754818
21 45 0.00741229
21 46 0.00821098
21 47 0.00773215
21 48 0.00790969
21 49 0.00842374
21 50 0.00705676
21 51 0.00651876
21 52 0.00736753
21 53 0.00618936
21 54 0.00418019
21 55 0.00419493
21 56 0.00387273
21 57 0.00517007
21 58 0.00689999
21 59 0.00550208
21 60 0.00409220
21 61 0.00431475
21 62 0.00503843
21 63 0.00453346
21 64 0.00444748
21 65 0.00539851
22 22 1.00000000
22 23 0.95377459
22 24 0.45842187
22 25 0.28931548
22 26 0.16299153
22 27 0.09271452
22 28 0.07883219
22 29 0.06400295
22 30 0.05614661
22 31 0.05918770
22 32 0.06849226
22 33 0.05904182
22 34 0.03971476
22 35 0.02508774
22 36 0.01655914
22 37 0.01138599
22 38 0.00815403
22 39 0.00940474
22 40 0.00921009
22 41 0.00865556
22 42 0.00824595
22 43 0.00874243
22 44 0.00823501
22 45 0.00786795
22 46 0.00890663
22 47 0.00812251
22 48 0.00797412
22 49 0.00878617
22 50 0.00739776
22 51 0.00699841
22 52 0.00736847
22 53 0.00558881
22 54 0.00398756
22 55 0.00463954
22 56 0.00499992
22 57 0.00413897
22 58 0.00437508
22 59 0.00425209
22 60 0.00399625
22 61 0.00376796
22 62 0.00444694
22 63 0.00486590
22 64 0.00318358
22 65 0.00364115
23 23 1.00000000
23 24 0.96323245
23 25 0.39374906
23 26 0.17452735
23 27 0.09054316
23 28 0.08086928
23 29 0.07054213
23 30 0.06009288
23 31 0.06182342
23 32 0.07233530
23 33 0.06180028
23 34 0.03868430
23 35 0.02441929
23 36 0.01757167
23 37 0.01171816
23 38 0.00754024
23 39 0.00782944
23 40 0.00687535
23 41 0.00721652
23 42 0.00840768
23 43 0.00882208
23 44 0.00836129
23 45 0.00683544
23 46 0.00730615
23 47 0.00673532
23 48 0.00686289
23 49 0.00928510
23 50 0.00821993
23 51 0.00624766
23 52 0.00632666
23 53 0.00528550
23 54 0.00400140
23 55 0.00551217
23 56 0.00629208
23 57 0.00482644
23 58 0.00408286
23 59 0.00437509
23 60 0.00447073
23 61 0.00388284
23 62 0.00500585
23 63 0.00540541
23 64 0.00366536
23 65 0.00496519
24 24 1.00000000
24 25 0.85666644
24 26 0.24505384
24 27 0.09852972
24 28 0.08517686
24 29 0.07505641
24 30 0.06993439
24 31 0.07334549
24 32 0.08060445
24 33 0.06661827
24 34 0.03912553
24 35 0.02183690
24 36 0.01639562
24 37 0.01061983
24 38 0.00730467
24 39 0.00698559
24 40 0.00560872
24 41 0.00627540
24 42 0.00805415
24 43 0.00796195
24 44 0.00714568
24 45 0.00653392
24 46 0.00624405
24 47 0.00611024
24 48 0.00772554
24 49 0.00831889
24 50 0.00705577
24 51 0.00554208
24 52 0.00535627
24 53 0.00531432
24 54 0.00474326
24 55 0.00560806
24 56 0.00638808
24 57 0.00632731
24 58 0.00479422
24 59 0.00464868
24 60 0.00504090
24 61 0.00439153
24 62 0.00432735
24 63 0.00429107
24 64 0.00481456
24 65 0.00653289
25 25 1.00000000
25 26 0.76215162
25 27 0.22357984
25 28 0.14575841
25 29 0.09764678
25 30 0.09267693
25 31 0.11012854
25 32 0.12985277
25 33 0.10178194
25 34 0.05118830
25 35 0.02746115
25 36 0.01859212
25 37 0.01046532
25 38 0.00766074
25 39 0.00879406
25 40 0.00804078
25 41 0.00901405
25 42 0.01017017
25 43 0.00820668
25 44 0.00601962
25 45 0.00732427
25 46 0.00702878
25 47 0.00678593
25 48 0.00840524
25 49 0.00713448
25 50 0.00614181
25 51 0.00547438
25 52 0.00465544
25 53 0.00461306
25 54 0.00402121
25 55 0.00411081
25 56 0.00532293
25 57 0.00560030
25 58 0.00419622
25 59 0.00333523
25 60 0.00358936
25 61 0.00359536
25 62 0.00362147
25 63 0.00433469
25 64 0.00482360
25 65 0.00599509
26 26 1.00000000
26 27 0.84352369
26 28 0.34764888
26 29 0.17448664
26 30 0.15924810
26 31 0.18555754
26 32 0.21156793
26 33 0.16524644
26 34 0.08059332
26 35 0.04588794
26 36 0.02783656
26 37 0.01588395
26 38 0.01207842
26 39 0.01345434
26 40 0.01193693
26 41 0.01285083
26 42 0.01150592
26 43 0.00835020
26 44 0.00873227
26 45 0.01053258
26 46 0.00985216
26 47 0.00885227
26 48 0.01011817
26 49 0.00898979
26 50 0.00679525
26 51 0.00548400
26 52 0.00527475
26 53 0.00490398
26 54 0.00318410
26 55 0.00348490
26 56 0.00470177
26 57 0.00378544
26 58 0.00302352
26 59 0.00286560
26 60 0.00196239
26 61 0.00171742
26 62 0.00351978
26 63 0.00479120
26 64 0.00423224
26 65 0.00417770
27 27 1.00000000
27 28 0.89841431
27 29 0.34520021
27 30 0.26298105
27 31 0.26450205
27 32 0.26358215
27 33 0.20102576
27 34 0.10574222
27 35 0.06432479
27 36 0.04036879
27 37 0.02602064
27 38 0.01829108
27 39 0.01962022
27 40 0.01732132
27 41 0.01562162
27 42 0.01208763
27 43 0.01150860
27 44 0.01379498
27 45 0.01377619
27 46 0.01339477
27 47 0.01211150
27 48 0.01147943
27 49 0.00929401
27 50 0.00756121
27 51 0.00712647
27 52 0.00768777
27 53 0.00621817
27 54 0.00452868
27 55 0.00514672
27 56 0.00649072
27 57 0.00580289
27 58 0.00346239
27 59 0.00322881
27 60 0.00369938
27 61 0.00330373
27 62 0.00453187
27 63 0.00500886
27 64 0.00368229
27 65 0.00316549
28 28 1.00000000
28 29 0.93324458
28 30 0.47770113
28 31 0.33969304
28 32 0.26651571
28 33 0.18855318
28 34 0.10821685
28 35 0.06945115
28 36 0.04887128
28 37 0.02993390
28 38 0.01859881
28 39 0.01714662
28 40 0.01550330
28 41 0.01491072
28 42 0.01385293
28 43 0.01381240
28 44 0.01386801
28 45 0.01333654
28 46 0.01353318
28 47 0.01201692
28 48 0.01156791
28 49 0.01131951
28 50 0.00924736
28 51 0.00827077
28 52 0.00857075
28 53 0.00765397
28 54 0.00673279
28 55 0.00703589
28 56 0.00937044
28 57 0.00842453
28 58 0.00472288
28 59 0.00443035
28 60 0.00513284
28 61 0.00514515
28 62 0.00621901
28 63 0.00571371
28 64 0.00348699
28 65 0.00322513
29 29 1.00000000
29 30 1.00000000
29 31 0.45471210
29 32 0.26705020
29 33 0.17947866
29 34 0.11209603
29 35 0.07100162
29 36 0.05041779
29 37 0.02680031
29 38 0.01508759
29 39 0.01254861
29 40 0.01322290
29 41 0.01457315
29 42 0.01354319
29 43 0.01302855
29 44 0.01194453
29 45 0.01060137
29 46 0.01104986
29 47 0.01232463
29 48 0.01386050
29 49 0.01476585
29 50 0.01165033
29 51 0.00799999
29 52 0.00813033
29 53 0.00955748
29 54 0.00885708
29 55 0.00808751
29 56 0.00980571
29 57 0.00875386
29 58 0.00668375
29 59 0.00691757
29 60 0.00693109
29 61 0.00708127
29 62 0.00749318
29 63 0.00599090
29 64 0.00515961
29 65 0.00573503
30 30 1.00000000
30 31 0.92869769
30 32 0.38743862
30 33 0.21900042
30 34 0.13337031
30 35 0.08225361
30 36 0.05340078
30 37 0.02915388
30 38 0.01492565
30 39 0.01385384
30 40 0.01578557
30 41 0.01725856
30 42 0.01477529
30 43 0.01470900
30 44 0.01339430
30 45 0.01186903
30 46 0.01371695
30 47 0.01622399
30 48 0.01484836
30 49 0.01228844
30 50 0.01062588
30 51 0.00828341
30 52 0.00866221
30 53 0.01020175
30 54 0.00862559
30 55 0.00734586
30 56 0.00805561
30 57 0.00752112
30 58 0.00711037
30 59 0.00677427
30 60 0.00701759
30 61 0.00755915
30 62 0.00692881
30 63 0.00563269
30 64 0.00562612
30 65 0.00580144
31 31 1.00000000
31 32 0.91608216
31 33 0.35719337
31 34 0.17145441
31 35 0.09967453
31 36 0.06627203
31 37 0.03874709
31 38 0.01866366
31 39 0.01665318
31 40 0.01730001
31 41 0.01840750
31 42 0.01778211
31 43 0.01689770
31 44 0.01631324
31 45 0.01676756
31 46 0.01933218
31 47 0.01975055
31 48 0.01563453
31 49 0.01279821
31 50 0.01083269
31 51 0.00931035
31 52 0.01025145
31 53 0.00976517
31 54 0.00790639
31 55 0.00858445
31 56 0.00917766
31 57 0.00735158
31 58 0.00554993
31 59 0.00473917
31 60 0.00508184
31 61 0.00587190
31 62 0.00667152
31 63 0.00801983
31 64 0.00703880
31 65 0.00447854
32 32 1.00000000
32 33 0.88121562
32 34 0.30360064
32 35 0.15042402
32 36 0.10659563
32 37 0.05790993
32 38 0.02405828
32 39 0.01954505
32 40 0.01874626
32 41 0.01919191
32 42 0.01855416
32 43 0.01678436
32 44 0.01865452
32 45 0.01954725
32 46 0.01970099
32 47 0.02096673
32 48 0.01879933
32 49 0.01678573
32 50 0.01325430
32 51 0.01034022
32 52 0.01114907
32 53 0.01043828
32 54 0.00860977
32 55 0.01015437
32 56 0.01013640
32 57 0.00776941
32 58 0.00616849
32 59 0.00477604
32 60 0.00456080
32 61 0.00488427
32 62 0.00624281
32 63 0.00808827
32 64 0.00739797
32 65 0.00623868
33 33 1.00000000
33 34 0.87480112
33 35 0.35023049
33 36 0.20661216
33 37 0.09812520
33 38 0.03574487
33 39 0.03022511
33 40 0.02791082
33 41 0.02901828
33 42 0.02533380
33 43 0.02366454
33 44 0.02743832
33 45 0.03083413
33 46 0.03176795
33 47 0.02825309
33 48 0.02242037
33 49 0.01978708
33 50 0.01707979
33 51 0.01298258
33 52 0.01159492
33 53 0.01077591
33 54 0.00889201
33 55 0.01063546
33 56 0.01152709
33 57 0.00930682
33 58 0.00755309
33 59 0.00607246
33 60 0.00611721
33 61 0.00589441
33 62 0.00642831
33 63 0.00818275
33 64 0.00672057
33 65 0.00621569
34 34 1.00000000
34 35 0.93027602
34 36 0.38449517
34 37 0.14688603
34 38 0.04962038
34 39 0.04434692
34 40 0.04368825
34 41 0.04289935
34 42 0.03795648
34 43 0.03746912
34 44 0.04134153
34 45 0.04885161
34 46 0.05077423
34 47 0.04138249
34 48 0.02915856
34 49 0.02494568
34 50 0.02456438
34 51 0.01945378
34 52 0.01598915
34 53 0.01349867
34 54 0.01135733
34 55 0.01364891
34 56 0.01391360
34 57 0.01159086
34 58 0.00980061
34 59 0.00803682
34 60 0.00758472
34 61 0.00635968
34 62 0.00827110
34 63 0.01181548
34 64 0.00884390
34 65 0.00578216
35 35 1.00000000
35 36 0.98424189
35 37 0.35153802
35 38 0.08017192
35 39 0.06790189
35 40 0.06435679
35 41 0.05884669
35 42 0.05192540
35 43 0.04881096
35 44 0.05588692
35 45 0.07516289
35 46 0.07994697
35 47 0.06272617
35 48 0.04495731
35 49 0.03444628
35 50 0.03212030
35 51 0.02910660
35 52 0.02429190
35 53 0.02078231
35 54 0.01660323
35 55 0.01643589
35 56 0.01587615
35 57 0.01526318
35 58 0.01439012
35 59 0.01193920
35 60 0.01008370
35 61 0.00784150
35 62 0.01118569
35 63 0.01611773
35 64 0.01271400
35 65 0.01016236
36 36 1.00000000
36 37 0.84338755
36 38 0.16555585
36 39 0.11580858
36 40 0.10032538
36 41 0.08466250
36 42 0.07357964
36 43 0.06677054
36 44 0.08103563
36 45 0.10939991
36 46 0.12484558
36 47 0.10768069
36 48 0.07857399
36 49 0.05475031
36 50 0.04564761
36 51 0.04211423
36 52 0.03261363
36 53 0.02790602
36 54 0.02491387
36 55 0.02219289
36 56 0.02034922
36 57 0.01950553
36 58 0.01901491
36 59 0.01745931
36 60 0.01760838
36 61 0.01985195
36 62 0.02473043
36 63 0.02437590
36 64 0.01569464
36 65 0.01297131
37 37 1.00000000
37 38 0.83085160
37 39 0.41358326
37 40 0.26095591
37 41 0.18031232
37 42 0.14195603
37 43 0.13615883
37 44 0.17473605
37 45 0.21756291
37 46 0.27771919
37 47 0.26931683
37 48 0.17475731
37 49 0.11700648
37 50 0.09623126
37 51 0.08153259
37 52 0.06038429
37 53 0.05146551
37 54 0.04885940
37 55 0.04470357
37 56 0.04460034
37 57 0.04235150
37 58 0.03905814
37 59 0.03385868
37 60 0.03592764
37 61 0.04569767
37 62 0.07044124
37 63 0.07477533
37 64 0.04278252
37 65 0.02843716
38 38 1.00000000
38 39 1.00000000
38 40 0.45238007
38 41 0.24779095
38 42 0.19726438
38 43 0.19268356
38 44 0.23670284
38 45 0.27617528
38 46 0.33635896
38 47 0.32096196
38 48 0.20285916
38 49 0.13711398
38 50 0.11190607
38 51 0.09424575
38 52 0.07642672
38 53 0.06588648
38 54 0.05689177
38 55 0.05411631
38 56 0.05741676
38 57 0.05324763
38 58 0.04897645
38 59 0.04234890
38 60 0.04313497
38 61 0.04975866
38 62 0.07889167
38 63 0.09060280
38 64 0.05574191
38 65 0.03595817
39 39 1.00000000
39 40 0.89458794
39 41 0.33740683
39 42 0.23945475
39 43 0.22384194
39 44 0.26311726
39 45 0.29800401
39 46 0.32158432
39 47 0.27242230
39 48 0.16314238
39 49 0.10685457
39 50 0.08664695
39 51 0.07484579
39 52 0.06377638
39 53 0.05603077
39 54 0.04419049
39 55 0.04287072
39 56 0.04516857
39 57 0.03981126
39 58 0.03649990
39 59 0.03320565
39 60 0.03300978
39 61 0.03483636
39 62 0.04929888
39 63 0.05471635
39 64 0.03805606
39 65 0.02581029
40 40 1.00000000
40 41 0.92920039
40 42 0.44849478
40 43 0.31939133
40 44 0.35775791
40 45 0.38608674
40 46 0.38025031
40 47 0.28054046
40 48 0.14163575
40 49 0.09304042
40 50 0.07963491
40 51 0.06806863
40 52 0.05200089
40 53 0.04501891
40 54 0.03717418
40 55 0.03492241
40 56 0.03596569
40 57 0.03582667
40 58 0.03210175
40 59 0.02427104
40 60 0.02246579
40 61 0.02770900
40 62 0.04356004
40 63 0.04615031
40 64 0.02940904
40 65 0.01962365
41 41 1.00000000
41 42 0.99598781
41 43 0.49113872
41 44 0.40459057
41 45 0.36977612
41 46 0.32029919
41 47 0.21301275
41 48 0.10068240
41 49 0.07124141
41 50 0.06548060
41 51 0.05401117
41 52 0.04177042
41 53 0.03660408
41 54 0.02997503
41 55 0.02860045
41 56 0.02928020
41 57 0.03112150
41 58 0.02969685
41 59 0.02085008
41 60 0.01741150
41 61 0.02211265
41 62 0.03468421
41 63 0.03702130
41 64 0.02326889
41 65 0.01566695
42 42 1.00000000
42 43 0.98489788
42 44 0.46732909
42 45 0.29650055
42 46 0.22816063
42 47 0.15781772
42 48 0.09110845
42 49 0.06174206
42 50 0.05302281
42 51 0.04482388
42 52 0.03720751
42 53 0.03325221
42 54 0.02768209
42 55 0.03025493
42 56 0.03098947
42 57 0.02736244
42 58 0.02722949
42 59 0.02486995
42 60 0.02216220
42 61 0.02393308
42 62 0.02964320
42 63 0.03046198
42 64 0.02372382
42 65 0.01759132
43 43 1.00000000
43 44 0.91720247
43 45 0.34031887
43 46 0.20505497
43 47 0.15699283
43 48 0.10205164
43 49 0.07000228
43 50 0.05340351
43 51 0.04361472
43 52 0.03823085
43 53 0.03592690
43 54 0.03175883
43 55 0.03077533
43 56 0.03214927
43 57 0.02863191
43 58 0.02668404
43 59 0.02721087
43 60 0.02619598
43 61 0.02713901
43 62 0.03434362
43 63 0.03679714
43 64 0.02635977
43 65 0.01952307
44 44 1.00000000
44 45 0.93754504
44 46 0.44163539
44 47 0.22802646
44 48 0.11841637
44 49 0.08170012
44 50 0.06498662
44 51 0.05089367
44 52 0.04533877
44 53 0.03818135
44 54 0.03296740
44 55 0.02781847
44 56 0.02685622
44 57 0.02586760
44 58 0.02668659
44 59 0.02723959
44 60 0.02638008
44 61 0.02866958
44 62 0.03951475
44 63 0.04542999
44 64 0.03074436
44 65 0.02165148
45 45 1.00000000
45 46 0.97464588
45 47 0.32202730
45 48 0.12896578
45 49 0.08755676
45 50 0.06854145
45 51 0.05654117
45 52 0.04755799
45 53 0.03396455
45 54 0.02803761
45 55 0.02650657
45 56 0.02553597
45 57 0.02367503
45 58 0.02364718
45 59 0.02393422
45 60 0.02313479
45 61 0.02642866
45 62 0.04045135
45 63 0.04272139
45 64 0.02693520
45 65 0.01852623
46 46 1.00000000
46 47 0.80499548
46 48 0.24493556
46 49 0.13257787
46 50 0.10241520
46 51 0.08313574
46 52 0.06201871
46 53 0.04982433
46 54 0.03962294
46 55 0.03865850
46 56 0.04271447
46 57 0.04041741
46 58 0.03553647
46 59 0.03427530
46 60 0.03243815
46 61 0.03563858
46 62 0.06338378
46 63 0.06088034
46 64 0.02990585
46 65 0.02228355
47 47 1.00000000
47 48 0.86497916
47 49 0.35282303
47 50 0.20109782
47 51 0.14077564
47 52 0.10156692
47 53 0.08843670
47 54 0.07545393
47 55 0.07307701
47 56 0.07404815
47 57 0.07177505
47 58 0.06760150
47 59 0.05887521
47 60 0.05869820
47 61 0.06776803
47 62 0.10178022
47 63 0.10192775
47 64 0.06340686
47 65 0.04525905
48 48 1.00000000
48 49 0.92015978
48 50 0.34794385
48 51 0.18868259
48 52 0.14232839
48 53 0.12197004
48 54 0.10421324
48 55 0.09863394
48 56 0.09674392
48 57 0.09499158
48 58 0.09179839
48 59 0.08283826
48 60 0.08650058
48 61 0.09746439
48 62 0.11993614
48 63 0.12273507
48 64 0.09228961
48 65 0.06783184
49 49 1.00000000
49 50 0.85843878
49 51 0.30027321
49 52 0.17953965
49 53 0.15020941
49 54 0.12862439
49 55 0.11797165
49 56 0.11772439
49 57 0.11774798
49 58 0.11511051
49 59 0.11153583
49 60 0.10914722
49 61 0.11330627
49 62 0.13796879
49 63 0.14175234
49 64 0.10877090
49 65 0.08585255
50 50 1.00000000
50 51 0.84335931
50 52 0.32272321
50 53 0.21820110
50 54 0.18115009
50 55 0.16143007
50 56 0.15655669
50 57 0.14967223
50 58 0.13674159
50 59 0.13439119
50 60 0.13143187
50 61 0.13189148
50 62 0.17236655
50 63 0.18039007
50 64 0.12840645
50 65 0.09732480
51 51 1.00000000
51 52 0.89344543
51 53 0.38339874
51 54 0.24395467
51 55 0.20053337
51 56 0.18423006
51 57 0.17220196
51 58 0.15305397
51 59 0.14434968
51 60 0.14418715
51 61 0.14727243
51 62 0.17557037
51 63 0.17357711
51 64 0.11942234
51 65 0.08663156
52 52 1.00000000
52 53 0.89655499
52 54 0.36790331
52 55 0.24520114
52 56 0.19980981
52 57 0.18630957
52 58 0.16522122
52 59 0.14350877
52 60 0.13770959
52 61 0.14089437
52 62 0.14835276
52 63 0.13672049
52 64 0.10129066
52 65 0.07699243
53 53 1.00000000
53 54 0.87818530
53 55 0.36093898
53 56 0.23431599
53 57 0.19379237
53 58 0.17244675
53 59 0.15218198
53 60 0.14024502
53 61 0.14002875
53 62 0.13903268
53 63 0.12626085
53 64 0.10159085
53 65 0.07942351
54 54 1.00000000
54 55 0.88802320
54 56 0.36501069
54 57 0.22953338
54 58 0.20277040
54 59 0.17565500
54 60 0.16228492
54 61 0.16261015
54 62 0.14800863
54 63 0.12562814
54 64 0.10438127
54 65 0.08353936
55 55 1.00000000
55 56 0.89887346
55 57 0.36963618
55 58 0.24781184
55 59 0.20288221
55 60 0.17621771
55 61 0.16237793
55 62 0.14823582
55 63 0.13311799
55 64 0.11059716
55 65 0.08530084
56 56 1.00000000
56 57 0.89501345
56 58 0.37134796
56 59 0.24390628
56 60 0.18784083
56 61 0.15733878
56 62 0.14474616
56 63 0.13846602
56 64 0.11305286
56 65 0.08443000
57 57 1.00000000
57 58 0.88907577
57 59 0.36095321
57 60 0.23167603
57 61 0.18852438
57 62 0.16271123
57 63 0.14630870
57 64 0.12171215
57 65 0.09520008
58 58 1.00000000
58 59 0.86968214
58 60 0.35546018
58 61 0.24554599
58 62 0.19167210
58 63 0.15626030
58 64 0.13639866
58 65 0.11833718
59 59 1.00000000
59 60 0.87466704
59 61 0.36958543
59 62 0.23307746
59 63 0.17137155
59 64 0.14497155
59 65 0.13439777
60 60 1.00000000
60 61 0.88118512
60 62 0.35511617
60 63 0.21829190
60 64 0.16965701
60 65 0.14409945
61 61 1.00000000
61 62 0.86579990
61 63 0.33914740
61 64 0.21659288
61 65 0.16648046
62 62 1.00000000
62 63 0.88338644
62 64 0.36173781
62 65 0.20494810
63 63 1.00000000
63 64 0.89104258
63 65 0.33227990
64 64 1.00000000
64 65 0.85637587
65 65 1.00000000
